6/9/06																																																																
<DEMOGRAPHICS>																																																																
Config		control TRUE	FALSE	adaptiveAcc	adaptiveFull	linearFull	control																																																									
</DEMOGRAPHICS>																																																																
		commonRatio	commonRatio	commonRatio	commonRatio	commonRatio	commonRatio	examples	examples	examples	examples	examples	examples	explicit	explicit	explicit	explicit	explicit	explicit	extend	extend	extend	extend	extend	extend	distinguish	distinguish	distinguish	distinguish	distinguish	distinguish	model	model	model	model	model	model	recursive	recursive	recursive	recursive	recursive	recursive	table	table	table	table	table	table	verbal	verbal	verbal	verbal	verbal	verbal	visual	visual	visual	visual	visual	visual	visual	visual	visual
NAME	Config	CR1a	CR1b	CR2a	CR2b	CR3a	CR3b	Examp1a	Examp1b	Examp2a	Examp2b	Examp3a	Examp3b	Expl1a	Expl1b	Expl2a	Expl2b	Expl3a	Expl3b	Ext1a	Ext1b	Ext2a	Ext2b	Ext3a	Ext3b	Dist1a	Dist1b	Dist2a	Dist2b	Dist3a	Dist3b	MExtT1a	MExtT1b	MExtT2a	MExtT2b	MExtT3a	MExtT3b	RR1a	RR1b	RR2a	RR2b	RR3a	RR3b	TExt1a	TExt1b	TExt2a	TExt2b	TExt3a	TExt3b	VRExpl2a	VRExpl3a	VRExt1a	VRExt1b	VRExt2a	VRM3a	VExplVRM3a	VExplVRM3b	VExt1a	VExt1b	VExt1c	VExt2a	VExt3a	VETMVR2a	VEVRM2a
S055	adaptiveAcc	0	1	0	0	0	0	0	0	0	0	0	0	0	0	0	0	0	0	0	.	0	.	0	0	0	0	0	0	0	1	0	0	0	0	0	0	1	0	0	0	0	0	0	0	0	1	0	0	1	0	1	0	1	0	0	0	0	0	0	0	0	0	0
S058	adaptiveAcc	1	1	1	1	0	0	0	0	0	0	0	0	1	1	0	0	0	1	1	.	0	.	0	1	0	0	1	1	0	0	1	1	1	1	1	0	1	1	1	1	1	1	0	0	0	0	0	1	0	1	0	1	1	0	0	0	1	1	1	1	0	0	1
S053	adaptiveFull	0	0	0	0	0	0	0	0	0	0	0	0	0	0	0	0	0	0	0	.	0	.	0	0	1	0	0	0	0	0	0	1	1	1	0	0	0	0	0	0	0	1	0	0	0	0	0	1	1	0	1	0	1	0	0	1	0	0	0	0	0	1	1
S061	adaptiveAcc	0	0	0	0	0	0	0	0	0	0	0	0	0	0	1	1	0	0	1	.	1	.	0	0	1	0	1	1	1	0	1	1	0	1	0	0	1	1	1	0	0	0	0	0	0	0	0	1	0	0	1	1	0	0	1	0	0	0	1	0	1	0	1
S063	adaptiveAcc	1	1	0	1	0	0	0	0	0	0	0	0	1	0	0	0	0	0	1	.	0	.	1	1	1	1	1	1	1	1	1	0	0	0	1	0	0	1	0	1	0	0	1	0	0	0	0	0	0	0	1	1	0	0	0	0	0	0	0	0	0	0	0
S066	adaptiveAcc	1	0	0	1	0	0	0	0	0	0	0	0	0	0	0	0	0	0	1	.	0	.	1	0	1	0	1	1	0	0	0	1	0	1	1	0	0	0	0	1	0	0	1	0	1	1	0	1	0	0	0	0	1	0	0	1	0	0	0	0	0	0	0
S062	adaptiveFull	0	0	0	0	0	0	0	0	0	0	0	0	.	.	0	0	0	0	1	.	1	.	0	1	1	0	1	1	0	0	1	0	1	0	1	0	0	1	0	0	0	0	0	0	0	0	0	0	1	0	0	0	0	0	0	0	0	0	0	0	0	0	0
S054	linearFull	0	0	0	1	0	0	1	1	1	1	1	1	0	0	1	0	0	0	1	.	0	.	1	1	1	1	1	0	1	0	1	1	1	1	1	0	0	0	0	0	0	0	1	1	1	1	1	1	1	1	0	0	1	0	0	1	0	0	0	0	0	1	1
S057	linearFull	0	1	0	0	0	0	0	1	0	0	0	0	0	0	0	0	0	0	0	.	1	.	1	1	0	1	1	1	1	0	1	1	1	1	0	1	0	0	0	1	1	1	1	0	0	1	0	1	1	1	0	1	0	.	.	.	.	.	.	.	.	.	.
S060	linearFull	1	1	1	1	0	0	0	0	0	0	0	0	1	0	0	0	0	0	1	.	1	.	1	1	1	1	1	1	1	0	0	0	1	1	0	1	1	1	0	0	1	0	1	1	1	1	0	1	0	0	1	0	0	0	0	0	0	0	0	0	0	0	0
S067	adaptiveFull	0	0	0	0	0	0	0	0	0	0	0	0	.	.	0	0	0	.	1	.	0	.	0	0	0	0	0	0	0	0	1	1	0	0	0	0	0	1	0	0	0	0	0	0	0	0	0	0	1	0	0	0	0	0	0	0	0	0	0	0	0	0	0
S056	adaptiveFull	1	1	0	0	0	0	0	0	0	0	0	0	0	1	0	0	0	1	1	.	1	.	1	0	0	0	1	1	0	0	0	0	1	0	1	1	0	1	0	0	1	0	0	0	1	0	1	1	0	0	0	1	1	0	0	0	0	0	0	0	0	0	0
S059	adaptiveFull	0	0	0	0	0	0	0	.	0	0	0	0	0	1	1	1	.	.	0	.	0	.	1	0	1	0	1	1	0	0	1	1	0	1	0	1	.	.	1	1	1	.	0	0	0	0	0	0	1	1	1	1	1	0	0	0	0	0	0	0	0	0	1
S064	adaptiveFull	1	1	1	1	0	0	0	0	0	0	0	0	1	1	0	1	0	0	1	.	0	.	1	1	1	1	1	1	1	1	1	1	1	1	0	0	0	0	0	1	0	0	0	0	0	1	1	1	1	1	1	0	1	0	1	1	1	1	1	0	0	1	1
S065	linearFull	0	1	1	1	1	0	0	0	0	1	1	1	1	1	0	0	0	0	1	.	0	.	1	1	0	1	0	1	0	0	1	1	0	0	1	0	0	0	1	0	1	1	0	1	1	1	1	1	1	0	0	0	1	0	0	0	0	0	0	1	0	0	0
S068	linearFull	0	0	0	0	0	0	0	0	0	0	0	0	0	0	0	0	0	0	0	.	0	.	0	0	1	1	0	0	0	1	0	0	1	1	0	0	1	0	0	1	0	0	1	1	0	0	1	1	0	1	0	0	0	0	1	1	0	1	0	0	0	0	0
S052	adaptiveAcc	.	.	.	.	.	.	.	.	1	1	1	1	.	.	.	.	.	.	.	.	.	.	.	.	1	1	1	1	1	0	1	1	1	1	0	0	.	.	.	.	.	.	.	.	1	1	0	1	0	0	1	1	1	0	1	0	0	0	.	0	0	0	0
S241	adaptiveFull	1	1	1	1	1	1	1	1	0	1	1	1	1	1	0	0	0	0	1	.	1	.	0	1	0	1	1	0	0	0	1	1	1	1	0	0	0	0	0	0	0	0	1	1	0	0	0	1	0	0	1	1	0	0	0	0	1	1	0	1	0	1	1
S230	linearFull	1	1	1	1	0	1	1	1	1	1	1	1	0	1	0	0	0	1	1	.	1	.	1	1	1	1	1	1	1	0	1	1	1	1	0	1	1	1	0	1	1	1	0	0	0	1	0	0	1	0	1	1	1	0	1	1	0	0	0	0	0	0	1
S232	adaptiveFull	1	1	0	0	0	0	0	0	0	0	0	0	0	0	0	0	0	0	1	.	0	.	0	0	1	0	1	1	0	1	1	1	1	1	1	1	0	0	0	0	0	0	1	0	1	0	1	1	0	0	1	0	1	0	1	0	0	0	0	0	0	0	0
S233	linearFull	1	1	1	1	1	1	1	1	0	1	1	1	0	0	0	0	0	1	1	.	1	.	1	1	1	1	1	1	1	1	1	1	1	1	0	1	1	1	1	1	0	1	1	0	0	0	1	1	1	1	1	1	1	0	0	0	0	0	1	1	1	0	0
S236	linearFull	0	1	0	0	0	0	0	0	0	0	0	0	1	1	0	0	1	1	0	.	0	.	0	0	1	1	0	1	0	0	0	0	1	0	0	0	1	1	0	0	1	1	0	0	0	0	0	0	1	1	0	0	0	0	0	1	0	0	0	0	0	0	0
S235	adaptiveFull	1	1	0	1	1	1	0	0	0	0	0	0	1	1	0	1	1	0	1	.	1	.	1	0	1	1	0	1	0	0	1	0	0	0	0	0	0	0	0	0	0	1	1	1	0	0	0	0	1	0	1	1	1	0	0	0	1	1	1	1	0	1	1
S240	adaptiveAcc	1	1	1	1	0	0	1	1	0	0	0	1	0	1	0	1	0	0	0	.	1	.	0	0	0	0	0	0	0	0	1	1	0	1	0	0	1	0	0	1	0	0	0	0	0	1	0	1	1	0	1	1	0	0	0	1	0	0	0	0	0	0	1
S239	linearFull	1	1	1	1	0	0	1	1	1	1	1	1	1	1	1	1	0	0	1	.	1	.	1	0	1	1	1	1	0	0	1	0	1	1	1	1	0	0	0	0	0	0	0	1	1	1	0	1	1	0	1	1	1	1	1	0	0	1	0	0	0	0	0
S234	adaptiveAcc	0	0	0	0	0	0	0	0	0	0	0	0	0	0	0	0	1	0	1	.	0	.	0	0	0	1	0	0	1	0	0	1	1	1	0	0	0	0	0	1	0	0	1	1	0	0	1	1	0	0	0	1	0	0	0	0	0	0	0	0	0	0	0
S231	adaptiveAcc	0	0	1	1	0	.	0	0	0	0	0	0	1	1	0	0	1	1	1	.	1	.	0	1	1	1	1	1	0	1	1	1	1	1	1	1	1	1	1	1	1	1	1	0	0	1	0	1	1	1	0	0	1	0	0	0	1	1	0	0	0	0	1
S243	adaptiveAcc	1	1	1	1	0	0	1	1	0	0	0	0	0	0	0	0	0	0	1	.	1	.	1	0	0	1	1	1	0	0	1	1	0	1	0	0	0	0	0	0	1	0	1	1	1	1	0	0	1	0	0	0	0	0	0	0	0	0	0	0	0	0	1
S228	adaptiveAcc	0	0	1	1	0	0	0	0	0	0	0	0	0	0	0	1	0	0	1	.	0	.	0	1	0	1	1	1	0	0	0	0	1	0	0	0	0	0	0	0	0	0	0	0	1	0	0	1	0	0	1	0	0	0	0	0	1	1	0	1	0	0	1
S238	adaptiveFull	1	1	0	1	1	1	1	1	1	1	1	0	0	1	1	1	0	0	1	.	0	.	1	1	0	1	1	0	0	0	1	0	0	0	1	0	0	1	1	1	1	0	0	0	0	1	0	0	1	0	1	0	1	0	1	0	1	1	0	0	0	0	1
S229	adaptiveFull	0	0	0	0	0	0	0	0	0	0	0	0	0	0	0	0	0	0	1	.	1	.	1	1	1	0	0	1	0	0	1	1	1	1	1	0	0	1	0	1	1	0	1	1	0	0	0	1	1	0	1	1	0	0	0	0	1	1	0	0	0	0	1
S242	linearFull	0	1	1	0	0	0	0	0	0	0	0	0	0	0	1	1	1	1	1	.	1	.	1	1	1	1	1	1	0	0	1	1	1	1	0	1	0	0	0	1	0	0	0	0	0	1	1	0	1	1	0	0	1	0	0	1	1	1	0	0	0	1	1
S237	adaptiveAcc	0	1	0	0	0	0	1	1	0	0	0	0	.	.	.	.	.	.	.	.	.	.	.	.	1	0	0	0	0	0	1	1	1	1	1	1	.	.	1	0	1	.	1	1	0	1	0	1	1	0	1	1	1	0	0	0	1	1	1	0	1	0	1
S260	linearFull	0	0	1	1	0	0	1	0	1	1	1	0	0	0	0	0	0	0	1	.	1	.	0	0	1	0	1	1	0	0	1	1	1	1	0	1	1	0	1	1	1	1	0	1	0	0	1	1	1	0	1	0	1	0	0	0	0	0	0	0	0	0	0
S257	linearFull	1	1	0	1	0	0	0	1	0	1	1	1	0	0	0	0	0	0	1	.	1	.	1	1	1	1	0	0	0	0	0	0	1	1	0	0	0	0	1	0	1	0	1	0	0	0	0	1	0	0	0	0	0	0	0	0	0	0	0	0	0	0	0
S258	adaptiveAcc	0	1	0	1	0	0	0	0	0	0	0	0	0	0	0	0	0	0	1	.	1	.	1	0	0	1	0	1	0	0	1	1	1	1	0	1	0	1	0	0	0	0	1	0	0	0	0	1	0	0	0	1	1	0	0	0	1	1	1	1	0	1	1
S249	adaptiveAcc	0	1	0	0	0	0	0	0	0	0	0	0	0	0	0	0	1	0	1	.	1	.	0	0	0	0	0	0	0	0	1	0	0	0	0	0	1	0	0	0	0	0	1	0	0	0	0	0	1	1	0	1	1	0	0	1	1	1	0	0	0	0	0
S253	adaptiveFull	0	1	0	0	0	0	0	0	0	0	0	0	0	0	0	0	1	0	1	.	1	.	0	1	0	0	0	0	1	0	0	1	1	1	0	0	1	0	0	1	0	0	1	0	0	1	0	1	1	0	0	0	1	0	0	0	0	1	1	0	0	0	1
S263	linearFull	1	1	0	0	0	0	0	0	0	0	0	0	1	0	0	0	0	1	1	.	1	.	0	1	1	1	0	1	1	0	1	1	1	1	0	0	1	1	1	1	1	1	1	1	0	0	1	1	1	0	0	0	1	0	0	0	0	0	0	0	0	0	0
S252	adaptiveAcc	0	0	0	0	0	0	0	0	0	0	0	0	0	0	0	0	1	1	0	.	0	.	0	0	0	0	0	0	0	1	0	0	0	1	0	0	0	0	1	0	0	0	0	0	0	1	0	1	0	0	0	0	0	0	0	0	0	0	0	0	0	0	0
S255	adaptiveAcc	1	1	0	0	1	0	1	1	1	1	1	1	0	0	0	0	0	0	1	.	1	.	1	0	1	1	1	1	0	0	1	1	1	1	0	1	0	0	0	1	1	0	0	0	0	1	0	1	1	1	1	0	1	0	1	1	0	0	0	0	0	0	1
S254	linearFull	1	1	1	1	0	1	1	1	1	1	1	1	0	1	0	0	0	1	1	.	1	.	1	1	1	1	1	1	0	1	1	1	1	1	0	1	0	0	0	1	1	1	1	1	1	0	1	1	1	1	0	0	1	0	1	0	1	1	1	0	0	1	1
S261	adaptiveAcc	1	1	1	1	0	0	0	0	0	0	0	0	0	0	0	1	0	1	1	.	0	.	0	0	1	0	1	1	0	0	0	0	0	0	1	0	0	1	1	1	0	0	1	0	0	0	0	1	0	0	1	0	0	0	1	1	0	1	1	0	0	1	0
S262	adaptiveFull	1	1	0	0	0	0	0	0	0	0	0	0	0	0	0	0	0	1	1	.	0	.	1	1	0	1	0	1	0	1	0	0	0	0	1	0	0	0	1	0	0	0	1	0	0	0	0	1	0	0	0	0	0	0	0	0	1	1	0	1	0	0	1
S251	linearFull	0	1	1	1	0	0	0	0	0	0	0	0	1	1	0	0	1	1	0	.	0	.	0	1	1	1	0	0	0	0	1	1	1	1	0	1	0	0	1	0	1	0	1	0	0	0	1	1	1	0	0	1	1	0	1	1	0	0	0	0	0	0	0
S250	adaptiveFull	1	1	0	1	1	0	0	0	0	0	0	0	0	0	0	1	1	1	1	.	1	.	0	0	1	0	1	0	1	1	1	1	0	1	0	1	0	1	1	0	0	0	1	0	0	0	0	1	1	0	1	0	0	0	0	0	0	0	0	0	0	0	1
S259	adaptiveFull	1	1	1	1	0	.	1	0	0	0	1	1	1	1	0	0	1	0	1	.	0	.	1	0	1	1	1	1	0	0	1	1	1	1	1	1	1	0	1	0	1	1	1	0	0	0	0	1	1	0	1	1	1	0	0	0	0	0	0	0	0	0	1
S256	adaptiveFull	0	0	0	1	0	0	0	1	0	0	0	0	0	.	0	1	0	0	0	.	0	.	0	0	0	1	0	1	0	1	0	0	0	0	0	0	0	0	1	0	1	0	0	0	0	0	0	1	1	1	0	0	0	0	0	0	0	0	0	0	0	0	1
S284	adaptiveAcc	0	0	0	0	0	0	0	0	0	0	0	0	0	0	0	0	1	1	0	.	1	.	0	0	0	0	1	0	0	0	0	0	0	0	0	0	0	0	0	0	0	0	0	0	0	0	0	1	0	0	0	0	0	0	0	0	0	0	0	0	0	0	0
S283	linearFull	0	0	0	0	0	0	0	0	0	0	0	0	0	0	0	0	1	1	1	.	0	.	0	0	1	0	0	0	0	0	0	1	0	0	0	0	0	1	0	1	0	1	0	0	0	0	0	1	1	0	0	1	1	0	0	0	0	0	0	0	0	0	0
S273	adaptiveFull	0	0	0	0	0	0	0	0	0	0	0	0	0	0	0	0	1	0	0	.	0	.	1	0	0	0	0	1	0	0	0	0	0	0	0	0	0	0	0	0	0	1	0	0	0	0	0	1	0	1	0	0	1	0	0	0	0	0	0	0	0	0	0
S285	adaptiveFull	0	0	0	0	0	0	0	0	0	0	0	0	0	1	1	0	0	0	0	.	0	.	0	0	0	0	0	0	0	0	0	0	0	0	0	1	0	0	0	0	0	0	0	0	0	0	0	0	0	0	1	0	1	0	0	0	0	0	0	0	0	0	0
S272	adaptiveAcc	1	.	0	0	0	1	.	.	0	.	.	.	.	.	.	.	1	.	.	.	0	.	0	.	0	0	1	1	1	0	0	.	.	.	.	.	.	.	.	.	.	.	0	0	0	0	.	.	.	.	0	0	1	.	.	.	0	1	0	0	.	0	0
S274	linearFull	0	0	0	0	0	0	1	0	0	0	0	0	0	0	0	0	0	0	0	.	0	.	0	0	0	0	1	0	0	0	1	0	1	0	0	0	0	0	1	0	1	0	0	0	1	0	0	0	1	1	1	0	0	0	0	0	0	0	0	0	0	0	0
S281	adaptiveAcc	1	0	0	0	0	0	0	.	.	.	.	.	.	.	.	.	.	.	0	.	0	.	0	0	0	1	1	1	0	0	0	0	0	.	.	.	.	.	.	.	.	.	0	0	0	1	0	0	.	.	0	1	1	0	.	.	1	1	0	0	0	0	0
S276	adaptiveFull	.	.	0	0	.	.	.	.	0	.	.	.	.	.	.	.	.	.	.	.	0	.	0	.	0	0	0	0	0	0	0	1	.	.	.	.	.	.	.	.	.	.	1	1	0	0	1	1	.	.	0	0	0	.	.	.	0	0	0	0	.	0	0
S275	adaptiveAcc	0	0	0	0	0	0	.	.	0	0	0	0	.	.	.	.	.	.	0	.	0	.	.	.	0	0	0	0	1	0	0	0	0	1	.	.	.	.	.	.	.	.	0	0	0	0	.	.	.	.	0	0	0	.	.	.	0	0	0	0	0	0	0
S280	linearFull	0	1	0	0	0	0	0	0	0	0	1	0	0	0	0	0	0	0	0	.	0	.	0	0	0	0	0	1	0	0	1	0	0	0	1	0	0	1	0	0	0	0	1	0	1	0	0	0	0	1	.	.	.	.	.	.	.	.	.	.	.	.	.
S282	adaptiveFull	.	.	0	1	0	.	.	.	0	.	.	.	.	.	.	.	.	.	.	.	0	.	0	0	1	1	0	1	1	0	0	0	.	.	.	.	.	.	.	.	.	.	0	.	0	0	0	.	.	.	0	1	1	.	.	0	0	0	0	0	.	0	0
S270	adaptiveFull	1	0	0	0	0	0	.	.	0	.	.	.	.	.	.	.	.	.	.	.	.	.	.	.	1	1	1	0	0	0	0	0	1	1	0	0	.	.	.	.	.	.	.	.	0	0	1	1	1	.	0	1	1	0	0	0	.	.	.	0	0	0	1
S269	adaptiveAcc	1	1	0	0	0	0	.	.	0	.	.	.	.	.	.	.	.	.	1	.	1	.	0	1	1	1	0	1	1	0	0	0	0	0	.	.	.	.	.	.	.	.	1	1	0	0	1	1	.	.	0	1	1	.	.	.	0	0	.	0	0	0	0
S278	adaptiveAcc	1	0	0	0	0	0	0	0	0	0	0	0	0	0	0	0	0	0	0	.	0	.	0	0	0	0	1	1	0	0	0	0	0	1	0	0	0	0	1	1	0	0	0	0	0	0	0	0	1	0	0	1	0	0	0	1	0	0	0	0	0	0	0
S279	adaptiveFull	.	.	.	.	.	.	.	.	.	.	.	.	.	.	.	.	.	.	.	.	.	.	.	.	0	0	0	0	0	0	.	.	.	.	.	.	.	.	.	.	.	.	.	.	0	0	.	.	.	.	0	0	0	.	.	1	1	1	0	0	0	0	0
S271	linearFull	0	1	0	0	0	0	0	0	0	0	0	0	0	0	0	0	1	1	1	.	0	.	0	0	1	1	0	0	.	.	0	0	0	1	0	1	0	0	0	1	1	0	.	.	.	.	.	.	.	.	.	.	.	.	.	.	.	.	.	.	.	.	.
S277	linearFull	0	0	0	0	0	0	0	1	0	0	0	0	1	0	0	0	1	1	0	.	0	.	0	0	0	0	0	1	0	0	0	0	0	1	0	0	0	1	0	1	1	1	0	0	0	1	0	1	0	0	0	0	1	0	0	0	0	0	0	0	0	0	0
S298	adaptiveFull	.	.	0	0	1	1	1	1	0	1	1	1	.	.	.	.	.	0	.	.	0	.	1	.	1	1	1	1	0	0	1	1	1	1	0	0	.	.	.	.	.	.	.	.	0	0	0	0	0	.	1	0	1	0	.	.	0	.	.	0	0	0	0
S308	linearFull	0	0	0	0	0	0	0	0	1	1	1	1	0	0	0	0	1	0	0	.	0	.	0	0	0	1	0	0	0	1	0	0	0	0	0	0	0	1	0	0	1	0	0	0	0	0	0	1	0	0	0	0	0	0	0	0	0	0	0	0	0	0	0
S299	linearFull	0	0	0	0	0	1	0	0	1	1	1	0	0	1	1	1	0	1	1	.	0	.	1	0	1	0	0	0	1	1	0	0	0	0	0	0	0	1	1	0	0	0	1	0	0	0	0	0	0	0	0	0	1	0	0	0	0	.	.	.	.	.	.
S302	linearFull	0	1	0	1	0	0	0	1	0	0	0	0	0	0	0	0	0	0	1	.	1	.	0	0	1	1	0	1	1	0	1	1	1	1	0	1	0	1	1	1	1	0	1	1	1	1	1	1	0	0	0	0	0	0	1	0	0	0	1	1	0	0	0
S307	adaptiveFull	1	0	0	0	0	0	0	0	0	0	0	0	0	0	1	0	.	.	1	.	0	.	0	0	1	0	0	0	0	0	1	0	1	0	0	1	0	0	0	0	0	1	0	0	0	0	0	0	0	0	0	0	0	0	0	1	0	0	0	0	0	0	1
S291	adaptiveAcc	0	0	0	0	0	0	0	0	0	0	0	0	0	0	0	0	0	0	0	.	0	.	0	0	0	0	1	1	0	0	0	0	0	0	0	1	1	1	0	0	0	0	0	0	0	0	0	0	0	0	1	0	1	0	0	0	0	0	0	0	0	0	0
S297	adaptiveAcc	0	0	0	0	0	0	0	0	0	0	0	0	0	1	0	0	0	1	1	.	0	.	0	0	1	1	0	0	0	0	0	0	1	1	0	1	0	1	0	0	0	0	0	0	0	1	0	1	1	1	1	0	1	0	0	1	0	0	0	0	0	0	0
S296	linearFull	1	1	1	0	1	0	0	0	1	1	1	1	1	0	1	0	1	0	1	.	1	.	0	0	0	0	1	0	1	0	1	0	0	0	0	1	0	0	0	0	0	0	1	0	0	0	1	1	0	0	1	0	0	0	1	0	0	0	0	0	0	0	0
S292	adaptiveFull	0	0	0	0	0	0	0	0	0	0	0	0	0	0	0	1	0	1	1	.	0	.	0	0	0	1	0	0	0	0	0	0	0	1	0	0	0	0	0	0	1	0	1	1	0	0	0	0	0	0	0	0	1	0	1	0	0	0	0	0	0	0	1
S304	adaptiveFull	.	.	.	.	.	.	.	.	0	0	0	.	.	.	.	.	.	.	.	.	.	.	.	.	0	1	1	1	0	1	1	1	1	1	0	0	.	.	.	.	.	.	.	.	0	0	1	1	0	.	0	0	1	0	1	0	.	.	.	0	0	0	0
S301	adaptiveFull	0	0	0	0	0	0	0	0	0	0	0	0	.	.	0	0	0	1	1	.	0	.	0	0	0	0	0	1	1	1	0	0	1	0	0	0	0	0	0	0	0	0	0	1	0	0	1	1	1	0	0	0	0	0	1	0	0	0	1	0	0	0	1
S305	linearFull	1	1	1	1	1	1	1	0	1	1	1	1	0	0	0	0	0	0	1	.	1	.	1	1	1	1	1	1	1	1	0	1	1	1	0	1	0	1	1	1	1	1	1	1	0	0	1	0	0	0	0	0	1	0	0	1	.	.	.	.	.	.	.
S294	adaptiveAcc	0	0	0	0	0	0	0	0	0	0	0	0	0	0	0	0	0	1	1	.	0	.	0	0	1	0	1	1	1	0	0	0	0	0	0	0	1	0	0	0	0	0	1	0	0	1	0	0	0	0	1	1	0	0	1	0	0	0	0	0	0	0	0
S295	adaptiveFull	0	0	0	0	0	0	0	0	0	0	0	0	0	.	0	0	1	0	1	.	0	.	0	0	0	1	1	0	1	0	0	0	0	1	0	0	0	1	0	0	1	1	1	1	0	1	0	1	0	0	1	1	1	0	0	0	0	0	0	0	0	0	0
S303	adaptiveAcc	0	0	0	0	0	0	.	.	0	0	0	0	.	.	.	.	.	.	1	.	0	.	0	0	0	0	0	1	1	1	0	1	1	1	0	1	.	.	.	.	.	.	0	1	0	1	1	0	.	.	0	1	0	0	.	.	0	0	0	0	1	0	0
S306	adaptiveAcc	1	1	0	1	0	0	.	.	0	0	0	0	.	.	.	.	.	.	1	.	1	.	1	1	1	1	0	1	1	0	1	0	0	1	0	0	.	.	.	.	.	.	0	1	0	0	0	1	.	.	0	0	0	.	.	.	0	0	0	0	0	0	0
S300	adaptiveAcc	0	0	0	0	0	0	0	0	0	0	0	0	0	0	0	0	1	1	1	.	0	.	0	0	0	0	1	0	0	0	0	0	1	0	0	0	0	0	0	0	0	0	1	0	0	1	1	1	0	0	1	0	0	0	0	0	0	0	0	0	0	0	1
S293	linearFull	0	0	0	0	0	0	0	0	0	0	0	0	0	0	0	0	0	0	1	.	1	.	0	0	1	1	0	1	0	0	0	1	0	0	0	0	0	0	0	0	0	0	0	0	0	0	0	0	1	0	0	0	1	0	0	0	0	0	0	0	0	0	0
S316	adaptiveFull	.	.	.	.	.	.	.	.	.	.	.	.	.	.	.	.	.	.	.	.	.	.	.	.	0	1	1	1	0	0	.	.	1	1	1	1	.	.	.	.	.	.	.	.	0	0	1	1	.	.	.	.	.	0	.	.	0	.	.	1	0	0	1
S319	adaptiveFull	0	0	0	0	0	0	0	0	0	1	0	0	0	1	0	1	1	0	0	.	0	.	0	0	0	0	0	0	1	1	0	1	0	1	0	0	0	1	0	1	1	1	0	0	0	0	0	1	1	0	0	0	1	0	0	1	0	0	0	0	1	0	0
S317	linearFull	0	1	1	1	0	0	0	0	0	0	0	0	0	0	0	0	1	1	1	.	0	.	0	1	0	1	0	1	0	0	0	0	0	0	0	1	0	1	0	0	0	0	1	1	0	0	1	1	0	0	0	0	0	0	1	0	0	0	0	0	1	0	0
S318	adaptiveAcc	0	1	1	0	0	0	0	0	1	1	0	0	0	1	0	1	1	0	0	.	1	.	0	0	1	1	0	0	0	0	0	0	1	0	0	0	0	0	0	0	0	0	0	0	0	0	0	1	0	0	0	0	0	0	1	1	0	0	0	0	0	0	1
S320	linearFull	0	1	0	0	0	0	0	0	0	1	1	0	0	0	0	0	0	0	1	.	0	.	0	0	1	1	1	0	0	0	1	1	1	1	1	1	0	0	1	1	1	1	1	0	0	1	0	0	1	0	0	0	0	.	.	.	.	.	.	.	.	.	.
S315	adaptiveAcc	0	0	0	1	0	0	0	0	0	1	0	0	0	0	0	0	1	0	1	.	1	.	1	0	1	1	0	0	0	0	1	0	1	1	0	0	0	1	0	0	1	0	0	0	0	0	1	0	1	0	0	0	1	0	0	0	0	0	1	0	0	0	0
S334	linearFull	1	1	1	1	0	0	0	0	1	0	1	1	1	1	0	0	0	0	1	.	0	.	0	1	0	0	0	0	1	0	1	1	1	1	0	0	1	1	0	0	0	0	1	0	1	0	1	0	1	0	0	0	1	0	1	0	0	0	0	0	0	0	0
S324	adaptiveFull	1	1	0	1	0	0	0	0	0	0	0	0	1	0	0	0	0	0	1	.	0	.	1	1	0	0	0	0	0	0	1	0	1	1	0	0	0	0	0	1	0	0	0	1	0	0	0	1	1	0	0	0	1	0	0	1	0	0	0	0	0	0	0
S325	linearFull	1	1	1	1	0	1	0	1	1	1	1	1	0	0	0	0	0	1	1	.	1	.	1	1	1	1	1	1	1	1	1	1	1	1	0	1	0	0	0	0	0	0	1	1	0	1	1	1	1	1	0	1	1	1	0	0	0	1	1	1	0	1	0
S328	linearFull	1	1	0	1	1	1	1	1	1	0	1	0	0	1	0	0	0	0	0	.	1	.	1	1	1	1	1	1	0	0	1	0	0	1	0	0	1	1	1	0	1	1	1	1	1	1	1	1	0	1	1	0	1	0	0	0	0	0	0	0	0	0	0
S327	adaptiveFull	0	0	1	0	0	0	0	0	0	0	0	0	.	.	.	.	.	.	0	.	0	.	0	0	0	0	0	0	0	0	1	0	0	0	0	0	0	.	0	1	0	0	0	1	0	0	0	1	1	0	0	1	1	0	0	1	0	0	0	0	0	0	0
S323	adaptiveAcc	1	.	1	1	0	0	1	1	1	0	1	1	1	0	0	0	0	0	0	.	1	.	1	1	1	1	1	1	1	0	1	1	1	1	1	1	1	0	1	1	1	1	1	1	0	0	0	1	1	1	0	0	1	0	1	0	0	0	1	1	0	1	1
S336	adaptiveFull	0	0	0	0	0	0	0	0	0	0	0	0	0	0	0	0	1	1	0	.	0	.	0	0	1	1	1	0	0	0	0	0	0	0	0	0	0	0	1	0	0	0	0	0	0	0	0	0	0	0	1	0	0	0	0	0	0	0	0	0	0	0	0
S333	adaptiveFull	1	1	1	1	1	1	0	0	0	0	0	0	0	1	0	1	0	0	.	.	0	.	.	.	1	1	1	1	0	0	1	1	1	1	1	1	1	1	0	1	1	1	1	1	1	1	0	1	1	0	0	1	1	0	0	0	1	1	1	0	1	0	1
S332	adaptiveAcc	0	0	0	0	0	0	0	0	0	0	0	0	0	1	0	0	0	1	1	.	1	.	1	1	0	1	0	1	1	1	1	0	1	1	0	1	1	0	0	0	1	0	1	0	1	1	0	0	1	0	0	0	1	0	1	0	1	1	1	1	0	0	1
S331	linearFull	0	0	1	1	0	0	0	0	0	0	0	0	1	1	0	0	0	0	1	.	1	.	0	0	0	0	1	0	0	0	1	0	1	0	0	0	0	0	0	0	0	0	0	0	0	0	0	0	0	0	0	0	0	0	1	0	1	1	0	0	0	0	1
S329	adaptiveAcc	1	1	0	0	1	0	1	1	0	0	1	0	0	0	0	0	0	0	1	.	0	.	0	0	1	0	0	0	0	0	0	1	0	0	1	0	1	0	1	0	0	1	0	0	0	1	0	1	1	0	1	0	0	0	1	1	0	0	0	0	0	0	1
S326	adaptiveAcc	1	.	.	.	.	.	.	.	0	.	.	.	.	.	.	.	.	.	.	.	.	.	.	.	1	1	0	0	1	0	1	0	1	1	0	0	.	.	.	.	.	.	.	.	.	.	0	.	.	.	.	.	1	0	1	0	0	.	.	1	0	0	1
S338	adaptiveAcc	0	0	0	0	0	0	1	1	0	0	0	0	.	.	0	.	.	.	1	.	0	.	1	0	1	0	1	1	0	0	0	0	1	1	0	1	0	1	0	0	1	1	1	0	0	1	0	0	0	0	1	1	1	0	0	0	0	0	0	0	0	0	0
S335	adaptiveAcc	1	1	1	1	0	.	0	0	0	1	0	0	0	0	0	1	0	1	1	.	1	.	1	1	1	1	1	1	0	1	1	1	1	1	0	0	1	1	1	1	0	0	1	1	0	0	0	1	1	1	1	1	0	0	1	0	0	0	0	0	0	1	0
S337	linearFull	0	0	0	0	0	0	1	0	0	0	0	0	0	1	0	0	0	0	1	.	0	.	0	0	1	0	0	1	0	0	0	0	1	0	1	0	1	0	1	0	0	0	0	0	0	0	0	0	0	0	1	0	1	0	0	0	0	0	0	0	0	0	0
S330	adaptiveFull	0	0	0	0	0	0	1	1	0	0	0	0	0	1	0	0	0	1	1	.	1	.	0	0	1	1	1	0	0	0	1	0	1	1	1	0	0	0	1	1	1	0	1	1	0	1	1	1	1	0	0	1	0	0	1	0	0	1	1	1	0	0	0
S091	linearFull	0	0	0	0	0	0	0	0	0	0	0	0	1	1	0	0	0	1	1	.	0	.	0	0	0	0	0	0	0	0	1	0	1	1	0	0	0	0	1	0	1	1	1	1	0	1	0	1	1	1	0	1	1	0	0	0	0	0	0	0	0	0	1
S075	adaptiveFull	1	1	0	1	0	.	1	1	0	1	0	1	0	0	1	1	1	0	1	.	1	.	1	0	1	1	1	1	0	0	1	0	1	1	1	1	0	1	0	1	0	0	0	0	1	0	0	1	1	1	1	0	0	0	1	1	1	1	0	0	0	0	1
S074	adaptiveAcc	0	0	0	0	0	0	0	0	0	0	0	0	0	0	0	0	1	0	1	.	0	.	1	1	0	1	0	0	0	0	1	0	1	1	0	0	1	0	0	0	0	0	1	1	1	1	0	1	1	1	1	0	1	0	0	0	0	0	0	0	0	0	1
S088	linearFull	0	1	1	1	0	0	0	0	0	0	0	0	0	0	0	0	0	0	1	.	0	.	0	0	0	0	1	0	0	0	1	0	0	1	0	1	0	1	0	1	0	1	1	1	1	0	0	1	1	0	1	1	0	0	0	0	0	0	0	0	0	0	0
S082	linearFull	1	1	1	1	0	0	0	0	0	0	0	0	0	0	1	1	0	0	1	.	0	.	0	0	0	0	1	1	0	0	1	1	0	0	0	1	0	0	0	0	0	0	1	1	0	0	0	1	0	0	0	0	1	0	1	0	0	0	0	0	0	0	0
S083	adaptiveAcc	0	0	0	0	0	0	0	0	0	0	0	0	0	1	0	1	0	0	0	.	0	.	0	0	1	0	1	1	0	0	0	1	1	0	1	0	0	0	1	1	0	0	0	0	0	0	0	0	1	0	0	0	0	0	1	0	0	0	0	0	0	0	0
S086	adaptiveAcc	1	1	1	1	0	0	1	1	1	1	1	1	0	0	0	1	0	1	1	.	1	.	1	1	1	1	1	1	1	0	1	1	1	1	0	0	0	1	0	0	0	0	1	0	0	1	0	1	1	0	1	1	1	1	0	0	0	0	0	0	0	0	0
S087	adaptiveFull	1	1	1	1	0	0	0	0	0	0	0	0	0	0	0	1	0	1	1	.	1	.	1	1	0	1	1	1	0	0	0	0	1	0	0	1	1	0	0	0	1	0	0	0	0	1	0	0	0	1	1	0	1	0	0	0	0	0	0	0	0	0	1
S080	adaptiveAcc	0	0	0	0	0	0	0	0	0	0	0	0	0	0	0	0	0	0	1	.	0	.	0	0	0	0	0	0	0	0	1	0	1	0	1	0	0	1	1	0	0	0	0	0	0	1	0	0	0	0	0	1	0	0	0	0	0	0	0	0	0	0	0
S078	adaptiveFull	1	1	0	0	0	0	0	0	0	0	0	0	0	0	0	0	1	0	1	.	1	.	1	0	1	1	1	0	0	0	1	0	0	1	0	1	1	1	0	1	0	0	0	0	0	0	0	1	0	0	1	0	0	0	0	0	1	1	0	0	0	0	0
S085	linearFull	1	1	1	0	0	0	0	0	0	0	0	0	0	1	0	0	0	1	1	.	1	.	1	0	1	1	0	0	0	0	1	0	1	1	0	1	0	0	0	0	0	0	1	1	0	0	1	1	1	0	0	0	1	0	1	1	1	1	0	0	0	0	0
S084	adaptiveFull	1	1	0	1	0	0	0	0	0	0	0	0	0	1	1	0	1	0	0	.	1	.	1	1	0	0	0	0	0	0	1	1	1	1	0	0	1	0	0	1	0	0	1	0	0	0	1	0	1	1	0	0	1	0	0	0	1	1	1	1	0	0	0
S076	linearFull	0	1	0	1	0	0	1	1	0	1	1	1	0	0	0	0	0	0	1	.	0	.	1	0	1	1	0	1	0	0	1	1	1	1	1	0	1	1	0	1	1	1	1	0	1	1	0	0	1	1	1	0	1	0	0	0	0	1	0	0	0	0	1
S081	adaptiveFull	0	0	0	0	0	0	0	0	0	0	0	0	0	1	0	1	0	0	1	.	1	.	1	1	1	1	0	1	0	0	1	0	1	1	0	0	0	1	0	1	0	0	0	0	0	0	0	1	1	0	0	1	1	0	0	0	0	0	0	0	0	1	1
S077	adaptiveAcc	0	1	1	1	0	0	1	1	0	0	0	0	0	0	0	0	1	0	1	.	0	.	1	0	1	1	1	0	0	1	1	0	1	1	0	0	0	0	0	0	0	0	0	0	0	0	0	1	0	0	1	1	0	0	0	0	0	1	0	0	0	0	0
S089	adaptiveAcc	0	0	0	0	0	0	.	.	0	0	0	0	.	.	.	0	.	.	0	.	0	.	1	1	0	1	1	0	0	1	1	0	1	0	0	0	.	.	.	.	.	.	0	0	1	0	0	1	1	0	0	1	0	0	0	.	0	0	0	0	0	1	1
S090	adaptiveFull	0	0	0	0	0	0	0	0	0	0	0	0	0	1	0	0	0	0	0	.	0	.	0	0	1	0	0	0	0	0	0	0	1	1	0	1	0	1	0	0	1	0	1	0	0	0	1	1	1	0	0	1	0	0	0	0	0	0	0	0	0	0	0
S079	linearFull	0	0	0	0	0	0	1	1	1	1	1	1	0	0	0	0	0	1	1	.	1	.	0	1	1	1	1	1	0	0	1	1	1	1	0	0	0	0	1	0	1	1	0	0	0	0	1	0	1	0	1	1	0	0	0	0	0	0	1	0	0	0	0
S113	adaptiveFull	1	1	1	1	0	0	1	1	1	1	1	1	0	1	0	0	0	0	1	.	1	.	1	1	0	1	0	0	1	1	1	1	1	1	0	0	1	1	0	1	1	1	1	1	1	1	1	1	1	1	1	1	1	0	1	0	1	1	1	1	0	1	0
S101	adaptiveFull	0	0	0	0	0	0	0	0	0	0	0	0	1	0	0	0	0	0	1	.	0	.	1	1	1	0	0	1	0	0	1	0	1	0	0	0	0	0	0	1	0	0	0	1	0	0	0	1	1	0	0	0	1	0	0	0	0	0	0	0	0	0	0
S099	linearFull	0	1	1	1	0	0	0	0	0	0	0	0	1	1	1	1	1	0	1	.	0	.	1	0	1	1	1	1	1	0	0	0	0	1	0	0	0	0	0	0	0	0	1	1	0	0	0	1	0	0	0	0	0	0	0	0	0	0	0	0	0	0	0
S111	linearFull	0	1	1	1	0	0	0	0	0	0	0	0	0	0	1	1	0	1	1	.	1	.	1	1	0	0	0	0	0	0	1	1	1	1	0	0	1	0	0	1	1	1	0	0	0	0	0	0	1	1	0	0	0	0	0	0	0	0	0	0	0	0	0
S114	linearFull	1	1	0	1	0	0	0	0	0	0	0	0	0	0	0	0	0	0	1	.	1	.	1	1	1	1	1	0	1	1	1	1	1	1	1	1	1	1	0	1	1	1	1	1	1	1	0	1	1	0	1	0	0	0	1	0	0	0	0	0	0	0	0
S102	linearFull	1	1	1	1	1	1	0	0	0	1	1	1	0	0	0	1	0	0	1	.	1	.	0	0	1	1	0	1	1	0	1	1	1	1	0	1	0	1	0	0	1	1	1	1	1	1	1	1	0	0	1	0	0	0	0	0	0	0	0	0	0	0	0
S098	adaptiveFull	0	0	1	1	0	0	0	0	0	0	0	0	0	1	0	0	1	1	0	.	1	.	0	1	1	0	0	0	0	0	1	0	0	0	0	1	0	1	1	0	0	1	0	0	0	0	0	0	0	0	0	0	0	0	1	0	1	0	1	0	0	0	1
S100	adaptiveAcc	0	0	1	0	0	0	0	0	0	0	0	0	0	0	0	0	1	0	1	.	1	.	0	0	0	1	0	1	0	0	0	0	1	1	0	0	0	0	0	0	0	1	0	0	0	1	1	1	0	1	0	0	0	0	0	0	0	0	0	0	0	0	0
S106	adaptiveAcc	.	.	1	1	.	.	0	0	0	0	0	0	1	1	0	1	0	0	.	.	0	.	.	.	1	1	1	1	0	0	1	1	1	1	1	1	1	1	1	1	1	1	1	1	1	1	0	1	1	0	0	0	1	0	1	0	1	1	0	0	0	0	1
S103	adaptiveAcc	.	.	.	.	.	.	1	1	1	1	1	1	1	0	1	1	1	1	.	.	.	.	.	.	1	1	0	1	1	1	1	0	1	1	0	1	0	1	1	0	1	0	0	.	1	1	1	1	1	0	0	0	1	0	1	1	0	0	0	0	0	0	1
S110	adaptiveFull	1	.	0	1	0	0	1	1	1	1	1	1	0	0	0	1	0	0	1	.	1	.	1	1	1	1	0	1	1	0	1	1	1	1	0	1	1	1	1	1	1	1	1	0	0	1	1	1	1	0	1	0	1	0	0	0	1	1	1	1	0	1	1
S107	adaptiveFull	1	1	0	0	0	0	0	0	0	0	0	0	.	.	.	.	.	.	1	.	0	.	0	1	0	0	0	0	1	0	0	0	1	0	1	1	1	0	0	0	0	0	0	0	0	0	0	0	0	0	0	1	0	0	0	0	0	0	0	0	0	0	0
S109	adaptiveAcc	1	1	1	1	0	0	1	1	1	1	1	1	0	1	0	1	1	0	1	.	1	.	0	1	1	1	1	1	1	0	1	0	1	1	0	1	1	0	0	1	0	0	0	0	0	0	1	1	1	1	0	0	0	0	0	0	1	0	1	0	0	1	1
S112	adaptiveAcc	.	.	.	.	.	.	.	.	1	1	1	1	.	.	.	.	.	.	.	.	.	.	.	.	1	1	1	1	0	1	1	1	1	1	0	0	.	.	.	.	.	.	0	1	0	1	1	1	1	0	1	0	1	0	1	0	0	0	.	0	0	0	0
S105	linearFull	1	1	0	1	0	0	0	0	0	0	0	0	1	1	0	1	1	1	1	.	1	.	1	1	1	1	0	0	1	1	1	0	1	0	0	0	0	0	0	0	0	0	1	1	0	0	0	0	0	0	0	1	1	0	0	0	0	0	0	0	0	0	0
S104	adaptiveFull	0	0	0	0	0	0	0	0	0	0	0	0	0	0	0	0	0	1	0	.	0	.	1	0	0	0	0	0	0	0	1	0	1	0	0	0	1	0	0	0	0	0	0	0	0	0	1	1	1	0	0	1	0	0	0	0	0	0	0	0	0	0	0
S108	linearFull	1	1	1	1	0	1	1	0	1	1	1	1	0	0	0	0	0	0	1	.	1	.	1	1	1	1	1	1	0	0	1	1	1	1	0	0	0	1	0	1	1	0	1	1	1	1	0	1	1	0	0	0	1	0	1	1	0	.	.	.	.	.	.
S097	adaptiveAcc	1	1	0	1	0	0	0	0	0	0	0	0	0	1	0	1	0	1	1	.	1	.	1	0	1	1	1	1	1	0	1	1	1	1	1	1	0	0	0	0	0	1	0	0	0	0	1	1	1	0	1	0	1	0	1	0	0	0	1	0	0	0	1
S129	adaptiveFull	1	1	1	1	0	0	1	1	1	1	1	1	0	0	0	0	1	1	1	.	1	.	1	1	1	1	1	1	1	1	1	1	1	1	0	1	1	1	0	0	1	1	1	1	1	1	0	0	1	0	1	1	1	0	1	0	1	1	1	1	1	0	1
S128	adaptiveAcc	1	1	1	1	0	0	1	1	1	1	0	1	0	1	0	0	0	0	1	.	0	.	0	0	1	0	1	1	0	0	1	0	1	1	0	0	0	0	0	0	0	1	1	1	1	1	0	0	0	0	1	0	0	0	0	1	0	0	0	0	0	0	1
S120	adaptiveFull	1	1	1	1	0	0	1	1	0	0	0	0	0	1	0	0	1	1	1	.	1	.	0	0	1	1	1	1	0	0	1	1	1	1	1	1	0	0	0	0	1	1	1	1	0	1	0	1	1	0	0	1	1	0	1	0	0	0	0	1	0	0	1
S136	linearFull	1	1	1	1	0	1	1	1	1	1	1	1	1	1	0	0	0	1	1	.	1	.	1	1	1	1	1	1	1	0	1	1	1	1	0	0	0	0	0	1	1	1	1	1	1	1	1	1	1	0	1	1	1	0	0	0	0	1	0	0	0	.	.
S122	adaptiveAcc	1	1	1	1	0	0	1	1	1	1	1	0	0	0	0	0	0	0	1	.	1	.	1	0	1	1	0	1	0	0	1	1	1	1	0	0	1	1	0	0	1	1	1	1	0	1	0	1	1	1	0	1	0	0	0	0	0	1	0	0	1	0	0
S124	linearFull	1	1	1	1	1	1	0	0	0	1	0	0	0	1	0	1	0	0	1	.	0	.	1	1	0	0	1	1	1	1	1	0	1	1	0	0	0	0	0	0	1	1	1	1	0	0	0	1	1	0	1	1	1	1	0	0	0	0	1	1	0	0	0
S127	linearFull	1	1	1	1	0	0	0	0	0	0	0	0	0	0	0	0	0	0	1	.	1	.	1	1	0	1	1	0	1	0	0	1	1	1	1	1	1	1	1	1	1	1	1	1	1	1	1	1	1	1	1	1	0	0	0	0	0	0	0	0	0	0	1
S126	adaptiveFull	0	0	0	0	0	0	0	0	0	0	0	0	0	0	0	0	0	0	1	.	0	.	1	0	0	0	1	0	1	0	0	0	0	1	0	0	0	0	0	0	0	0	0	0	0	0	1	1	0	0	0	0	0	0	0	0	0	0	0	0	0	0	0
S134	adaptiveAcc	1	1	0	0	0	0	0	0	0	0	0	0	1	1	0	0	1	1	1	.	1	.	1	1	1	1	0	0	0	0	1	1	1	1	0	0	0	0	0	0	0	0	1	1	0	0	0	1	1	0	1	0	1	0	1	0	1	1	1	0	1	0	1
S125	adaptiveAcc	0	1	0	1	0	0	0	0	0	0	0	0	1	1	0	1	1	1	0	.	0	.	1	0	0	0	0	0	1	1	0	0	1	1	0	0	0	0	0	0	0	0	1	1	0	0	0	1	0	0	1	0	0	0	0	0	0	0	0	0	0	0	1
S132	adaptiveFull	1	1	0	0	0	0	0	0	0	0	0	0	1	0	0	0	0	0	1	.	0	.	1	0	0	0	1	1	0	0	1	1	0	0	1	0	0	1	0	1	0	0	0	1	1	1	0	1	1	0	1	1	1	0	0	0	0	1	1	0	0	0	0
S121	linearFull	1	1	1	1	0	0	0	1	1	1	1	0	0	1	0	0	1	1	1	.	1	.	1	1	0	1	1	1	1	1	1	1	1	1	1	1	0	1	0	1	1	1	1	1	0	1	0	1	1	0	1	1	0	0	0	0	0	0	0	0	0	0	1
S123	adaptiveFull	1	1	1	1	0	0	1	1	1	1	1	0	0	1	0	0	1	0	1	.	0	.	0	0	1	1	1	1	1	0	1	0	1	1	1	1	0	1	1	1	1	0	1	1	1	1	0	1	1	1	1	1	1	0	0	0	1	1	1	1	0	1	0
S130	linearFull	0	0	1	1	0	0	0	1	0	0	1	1	0	0	0	0	0	0	1	.	1	.	0	0	1	1	1	0	0	0	1	1	1	1	1	1	1	0	0	0	0	1	1	1	1	1	0	1	1	0	0	1	0	0	1	0	0	1	0	1	0	0	0
S135	adaptiveFull	1	1	1	1	0	0	1	0	1	0	1	1	0	0	0	0	0	0	1	.	1	.	1	1	1	1	1	1	1	0	1	1	1	1	0	1	1	1	1	1	1	1	0	0	0	1	0	0	1	1	0	1	1	1	0	0	1	1	1	0	0	0	1
S131	adaptiveAcc	1	1	1	0	0	1	1	1	0	1	1	1	0	0	0	0	0	0	1	.	1	.	1	0	1	1	1	1	1	0	1	1	1	1	0	1	1	1	0	1	1	0	1	0	0	0	0	1	1	1	0	0	1	0	1	0	0	1	1	1	0	0	1
S119	adaptiveAcc	1	1	1	1	0	0	0	0	0	1	0	0	0	0	0	0	0	1	1	.	1	.	1	1	1	1	1	1	0	0	0	0	0	0	1	0	0	0	1	1	0	0	0	0	0	0	0	1	0	0	1	1	1	1	1	0	0	1	1	1	0	0	1
S133	linearFull	1	1	1	1	0	0	0	0	0	1	1	1	0	1	1	1	1	1	1	.	1	.	0	1	0	1	0	0	0	0	1	1	1	1	1	1	1	0	0	1	1	0	0	1	1	1	1	1	1	1	0	0	0	0	0	0	1	1	0	0	0	0	1
S154	linearFull	1	1	1	1	0	1	1	0	1	1	1	1	1	0	1	1	1	1	1	.	1	.	1	1	1	1	1	1	0	0	1	1	1	1	1	1	1	1	0	0	1	1	1	1	1	1	1	1	1	1	1	1	0	0	0	1	1	1	1	1	1	0	1
S156	adaptiveFull	1	1	1	1	1	.	1	1	0	1	1	1	1	0	0	0	0	0	1	.	1	.	0	1	1	1	0	0	0	0	1	1	0	0	1	0	1	1	1	1	1	1	1	1	0	1	0	1	1	1	0	0	1	0	1	0	1	1	1	1	0	0	1
S143	adaptiveAcc	1	1	1	1	0	0	1	1	0	1	1	1	.	.	0	0	0	0	1	.	1	.	1	1	1	1	1	1	1	1	1	1	1	1	0	0	0	0	0	0	0	0	1	1	0	0	0	0	1	0	0	0	1	0	1	0	1	1	1	0	0	0	1
S152	adaptiveAcc	1	1	1	1	.	.	1	1	0	1	1	0	.	.	.	.	.	.	.	.	1	.	1	.	1	1	1	1	1	0	1	1	1	1	0	1	0	0	0	0	0	0	1	1	0	1	0	1	1	1	0	1	0	0	0	0	0	1	1	0	0	0	1
S146	adaptiveAcc	1	1	0	0	0	0	1	1	0	0	1	1	.	.	.	.	.	.	.	.	.	.	.	.	0	0	1	1	0	1	1	1	1	1	1	1	.	.	.	.	.	.	0	0	0	0	1	1	0	0	1	1	1	0	0	0	.	.	0	0	0	0	0
S142	linearFull	1	1	0	1	0	0	1	0	0	1	1	0	0	0	0	0	0	1	1	.	0	.	0	1	0	1	0	0	1	1	1	1	0	1	0	0	0	0	0	1	1	1	1	0	0	1	0	1	1	0	0	0	1	0	0	0	0	0	0	0	0	0	0
S141	adaptiveFull	1	1	0	1	0	0	1	1	0	0	1	1	0	1	0	0	0	0	1	.	1	.	0	1	1	1	1	1	1	1	1	0	1	1	1	0	1	1	1	1	1	1	1	1	0	1	0	1	1	1	0	0	1	0	1	0	1	1	1	1	0	0	1
S145	linearFull	1	1	0	1	0	0	0	0	0	0	1	0	1	0	0	0	0	0	0	.	1	.	0	1	1	0	1	1	1	0	0	0	0	0	0	0	1	1	0	1	0	0	1	0	0	0	0	0	1	1	0	0	0	0	0	0	0	0	0	0	0	0	0
S148	linearFull	1	1	1	1	0	1	1	1	0	1	1	0	1	1	1	1	0	1	1	.	1	.	1	1	0	1	1	1	1	1	0	1	1	1	1	0	0	0	0	0	1	0	1	1	1	1	1	1	1	1	0	1	0	0	1	1	0	0	0	0	0	0	0
S144	adaptiveFull	.	.	1	1	.	.	1	0	1	1	1	1	.	.	.	.	1	.	.	.	.	.	.	.	1	1	1	1	0	1	1	1	1	1	1	1	1	1	1	1	1	1	1	1	1	1	1	1	1	1	1	0	1	0	1	1	1	1	0	0	0	1	1
S140	adaptiveAcc	.	.	0	1	1	.	.	.	0	.	.	.	.	.	.	.	.	.	0	.	.	.	.	.	0	0	1	1	0	0	1	0	1	1	1	1	.	.	.	.	.	.	.	.	0	0	0	1	1	1	0	1	1	0	.	.	0	.	.	0	0	0	1
S151	linearFull	1	1	1	1	0	0	1	1	0	1	1	0	0	0	1	1	0	0	1	.	0	.	1	0	1	1	1	1	0	1	1	1	1	1	0	1	0	1	0	0	0	0	1	1	0	0	0	1	1	0	0	1	0	0	0	1	0	0	0	0	0	0	0
S147	adaptiveFull	0	0	0	1	0	0	1	1	0	1	1	1	0	0	0	0	0	0	1	.	1	.	1	1	1	1	1	1	0	1	1	0	1	1	1	1	1	1	0	1	1	1	1	1	0	1	1	1	1	0	1	0	1	0	1	1	0	1	1	0	0	0	1
S149	adaptiveAcc	1	1	1	1	0	0	1	1	1	1	0	1	0	0	0	1	1	1	1	.	1	.	1	1	1	1	1	1	0	0	1	1	1	1	0	1	1	1	1	1	1	1	1	0	1	1	0	1	1	0	1	1	1	0	1	0	0	0	0	0	0	0	1
S155	adaptiveAcc	1	1	1	1	0	0	1	1	0	0	0	0	.	.	0	1	.	.	1	.	1	.	0	1	1	1	1	1	0	0	0	1	1	1	0	0	1	0	0	0	0	1	0	0	0	0	1	1	1	0	0	1	1	0	0	0	0	0	0	1	0	0	1
S150	adaptiveFull	1	1	1	1	0	0	1	1	0	0	1	0	0	0	0	0	0	0	1	.	1	.	0	1	1	1	0	1	0	0	1	1	1	1	0	0	1	1	0	1	1	0	1	1	0	0	1	1	1	0	1	1	1	0	0	0	0	0	1	0	0	0	1
S153	adaptiveFull	0	0	1	1	0	0	1	1	0	0	0	0	1	1	1	0	0	0	0	.	0	.	0	1	0	0	0	0	1	0	1	0	1	0	0	0	1	1	0	1	0	1	1	1	0	1	1	1	0	0	0	0	0	0	0	1	0	0	0	0	0	0	0
S160	adaptiveAcc	1	1	0	1	0	0	1	1	0	1	1	1	0	.	0	0	0	0	1	.	0	.	1	0	0	0	0	0	0	1	1	1	1	1	1	1	1	1	1	1	1	0	1	0	1	1	1	0	1	0	1	0	0	0	0	1	1	1	0	0	0	0	0
S159	linearFull	0	0	1	1	0	0	0	0	0	0	0	0	1	1	1	0	0	1	1	.	0	.	1	0	1	0	0	0	1	1	1	1	1	0	0	0	0	1	0	0	1	0	1	1	0	1	1	1	0	0	0	1	1	0	1	0	0	0	0	0	0	0	0
S165	linearFull	0	0	0	0	0	0	0	0	0	0	0	0	0	0	0	0	0	0	1	.	1	.	0	0	0	1	0	1	1	0	0	0	0	1	0	0	0	1	1	1	1	0	1	1	0	1	0	0	1	0	0	0	0	0	1	1	0	0	0	0	0	0	0
S166	adaptiveAcc	0	0	0	0	0	0	0	0	0	0	0	0	0	0	0	0	0	0	1	.	1	.	0	0	1	0	0	0	0	0	0	1	0	1	0	0	0	0	1	0	0	0	1	1	0	0	1	1	1	0	0	0	1	0	0	0	0	0	0	0	0	0	0
S169	adaptiveAcc	0	1	0	1	0	1	0	0	0	0	0	0	0	0	1	0	0	0	1	.	1	.	0	0	0	1	0	1	0	0	0	0	0	1	0	0	1	0	0	0	0	1	1	0	0	1	1	1	1	0	1	0	0	0	0	0	0	0	1	0	0	0	0
S164	adaptiveFull	1	0	0	0	0	0	0	0	0	0	0	0	0	0	0	1	0	1	1	.	1	.	0	0	1	1	0	1	1	0	1	0	1	1	0	0	0	1	0	0	1	0	1	0	1	0	0	1	1	0	0	0	1	0	0	1	0	0	0	0	0	0	1
S157	adaptiveAcc	1	1	1	0	0	0	0	0	0	0	0	0	0	0	0	0	1	1	1	.	1	.	1	1	0	0	1	0	1	0	1	0	1	0	0	0	0	0	0	0	0	1	0	0	0	0	0	1	1	0	1	0	0	0	0	1	0	0	0	0	0	0	0
S163	adaptiveAcc	0	0	0	0	0	0	0	0	0	0	0	0	0	0	0	0	1	0	1	.	1	.	0	0	1	1	1	1	1	1	0	0	0	0	0	0	1	0	1	0	0	0	1	1	0	0	0	1	1	1	0	0	0	0	0	0	0	0	0	0	0	0	1
S170	adaptiveFull	0	1	0	0	0	0	0	0	0	0	0	0	1	1	0	0	1	0	1	.	1	.	1	0	0	0	1	1	0	1	0	0	1	1	0	0	0	0	0	0	0	0	1	0	0	1	1	1	1	1	0	0	0	0	0	0	0	0	0	0	0	1	0
S167	adaptiveFull	0	1	0	1	0	0	0	0	0	0	0	0	0	0	0	0	0	0	1	.	0	.	0	0	1	1	0	1	0	0	1	0	1	1	0	0	0	0	1	1	0	0	0	0	0	1	0	1	0	0	0	1	0	0	1	0	1	1	0	0	0	0	0
S161	adaptiveFull	1	1	1	1	0	0	1	1	0	0	0	1	0	1	0	0	1	0	1	.	0	.	1	0	1	0	0	1	1	0	1	1	1	1	0	0	1	0	1	0	0	1	1	0	0	0	1	1	0	0	0	0	0	0	1	0	0	0	0	0	0	0	0
S168	linearFull	0	0	0	0	0	0	0	0	0	0	0	0	0	0	0	1	0	0	0	.	0	.	0	0	0	0	1	1	1	0	0	0	1	1	0	0	0	0	0	0	0	0	0	0	0	0	0	0	0	1	0	0	0	0	0	1	0	0	0	0	1	0	0
S158	adaptiveFull	1	1	1	1	0	.	0	0	0	0	0	0	1	1	0	0	1	1	1	.	1	.	0	0	1	1	1	1	0	1	1	1	1	1	0	0	1	1	1	0	1	1	1	1	0	1	1	1	1	0	0	1	0	1	1	0	0	0	1	0	0	1	1
S171	linearFull	0	1	1	1	0	0	0	0	0	0	0	0	0	1	0	0	1	0	0	.	1	.	0	0	1	1	1	1	0	1	1	1	0	1	0	0	1	0	0	0	0	1	0	0	0	0	0	0	1	0	0	0	1	0	0	0	0	0	0	0	0	0	0
S162	linearFull	0	0	0	0	0	0	0	0	0	0	0	0	0	0	0	0	1	1	0	.	0	.	0	0	0	1	0	0	1	0	0	0	0	0	0	1	0	0	0	0	1	0	0	0	0	0	0	0	0	0	1	0	0	0	1	0	0	0	0	0	0	0	0
S179	linearFull	0	1	1	0	0	0	1	1	0	0	0	0	0	1	0	0	0	0	1	.	1	.	1	0	1	1	1	1	1	0	0	1	1	1	0	1	0	0	0	0	0	0	1	1	0	0	0	1	1	0	0	0	0	0	0	0	0	1	0	0	0	0	.
S182	linearFull	0	1	1	1	0	0	0	0	0	0	0	0	0	0	0	0	1	1	0	.	0	.	1	1	1	1	0	0	0	0	1	0	1	1	0	0	0	1	0	1	1	1	0	1	1	1	1	1	1	1	0	0	1	0	1	0	0	0	1	1	0	0	0
S183	adaptiveAcc	0	0	0	0	0	0	0	0	0	0	0	0	0	1	1	1	0	1	0	.	0	.	0	0	0	0	0	0	1	1	0	1	1	1	0	1	1	1	0	0	0	1	1	0	0	0	0	1	0	1	1	0	0	0	1	1	0	0	0	0	0	0	0
S187	adaptiveFull	0	0	0	0	0	0	0	0	0	0	0	0	0	0	0	0	0	0	1	.	0	.	0	0	0	1	0	1	0	0	0	1	1	1	0	0	0	0	0	1	0	0	0	0	0	0	0	0	1	1	1	1	0	0	0	1	0	0	0	0	0	0	0
S184	adaptiveFull	0	0	0	0	0	0	0	0	0	0	0	0	0	0	0	1	0	0	0	.	0	.	0	1	1	0	0	1	0	1	0	0	0	0	0	0	0	1	0	0	0	0	0	0	0	0	0	0	0	0	1	1	1	0	0	0	0	0	0	0	0	0	0
S178	adaptiveFull	0	1	0	0	0	0	0	0	0	0	0	0	1	0	0	0	0	1	1	.	0	.	0	0	1	1	0	1	1	1	1	1	1	0	0	0	0	1	0	0	0	0	1	0	0	1	0	0	1	0	0	0	1	0	0	0	1	0	1	0	0	0	1
S186	adaptiveAcc	1	1	0	0	0	0	0	0	0	0	0	0	0	1	0	0	0	0	0	.	0	.	0	0	0	0	1	1	1	1	1	0	1	1	0	0	1	1	0	0	0	0	1	0	1	1	0	1	0	0	0	0	0	0	0	0	0	0	0	0	1	0	0
S181	adaptiveFull	0	0	0	0	0	0	0	0	0	0	0	0	1	0	0	0	0	0	0	.	0	.	1	0	0	0	0	0	0	0	0	0	1	0	0	0	0	1	0	1	1	0	0	0	0	0	0	1	1	0	0	0	0	0	0	0	0	0	0	0	0	0	0
S177	adaptiveAcc	0	0	0	1	0	0	0	0	0	0	0	0	0	0	0	0	0	0	0	.	0	.	0	0	0	1	0	0	0	0	0	1	0	0	0	1	1	0	0	0	0	0	0	0	0	0	0	1	0	0	1	0	0	0	1	0	0	0	0	0	0	0	0
S188	linearFull	0	0	1	0	0	1	0	0	0	0	0	0	0	0	1	1	0	0	1	.	1	.	0	0	0	0	1	1	0	0	0	0	0	0	0	0	0	0	0	0	0	0	0	0	0	0	0	1	0	1	1	0	0	0	0	0	0	0	0	0	0	0	0
S180	adaptiveAcc	0	1	0	0	0	0	0	0	0	0	0	0	0	0	0	0	1	1	1	.	0	.	1	0	0	0	1	1	0	0	1	0	1	0	0	0	1	1	1	0	0	1	1	1	1	1	1	0	0	0	1	0	1	0	0	0	0	0	0	0	0	0	1
S189	adaptiveAcc	0	0	0	0	0	0	0	0	0	0	0	0	.	.	0	0	0	1	0	.	0	.	0	0	0	1	0	0	0	0	0	0	1	1	0	0	1	1	0	1	0	0	0	0	0	1	0	1	1	0	1	1	1	0	0	0	0	0	0	0	0	0	1
S201	adaptiveFull	1	1	0	1	1	1	0	0	0	0	0	0	0	1	0	0	0	0	1	.	1	.	0	1	0	1	1	0	1	0	0	0	1	0	0	0	0	0	0	0	0	0	1	0	0	1	0	0	1	0	0	0	1	0	0	0	0	0	0	0	0	0	0
S198	adaptiveFull	0	0	0	0	0	0	0	0	0	0	0	0	0	0	0	0	1	1	0	.	0	.	0	0	0	0	0	1	0	0	1	0	0	1	0	0	0	1	0	0	0	0	0	0	0	0	1	1	0	0	0	1	1	0	1	0	0	0	0	0	0	0	0
S197	adaptiveAcc	0	0	0	0	0	0	0	0	0	0	0	0	0	0	0	0	0	0	1	.	0	.	1	1	0	0	1	0	0	0	0	0	0	0	1	0	0	0	0	0	0	0	0	0	0	0	0	1	0	1	0	1	0	0	0	0	0	0	1	0	0	0	1
S194	adaptiveAcc	0	0	0	0	0	0	0	0	0	0	0	0	0	0	0	0	0	1	0	.	0	.	0	0	0	0	0	0	1	0	0	0	0	0	1	0	0	0	0	0	0	0	0	0	0	0	0	0	0	0	0	0	0	0	1	0	0	0	0	0	0	0	0
S195	adaptiveFull	1	0	0	0	0	0	0	0	0	0	0	0	0	1	0	0	0	1	0	.	0	.	0	0	1	0	1	1	0	0	1	0	0	0	0	0	0	0	0	0	0	0	1	0	0	0	0	0	0	0	1	0	0	0	1	0	0	0	0	0	0	0	0
S202	linearFull	0	1	1	1	1	1	0	0	0	0	0	0	0	0	0	0	0	1	1	.	1	.	1	1	0	1	1	1	0	0	1	1	1	1	1	1	0	1	0	1	1	1	0	0	0	0	1	0	0	0	0	0	0	0	0	0	0	0	0	0	0	0	0
S199	linearFull	0	0	0	1	0	0	0	0	0	0	0	0	0	1	0	0	0	0	1	.	0	.	1	1	0	1	0	0	0	0	1	1	1	1	0	0	0	0	0	1	0	0	1	0	1	1	0	0	1	1	0	0	0	0	0	0	0	0	0	0	0	0	0
S204	adaptiveFull	1	1	0	1	0	0	1	1	0	0	1	0	0	1	1	0	1	0	0	.	1	.	1	0	0	1	1	0	1	0	1	0	1	1	0	1	1	0	0	1	1	0	1	0	0	0	0	1	0	0	0	0	0	0	0	0	1	1	0	0	0	0	1
S203	adaptiveAcc	0	0	0	0	0	0	0	0	0	0	0	0	1	1	0	0	1	1	0	.	1	.	0	0	1	0	1	1	0	0	0	0	1	0	0	0	0	0	0	0	0	0	0	0	0	0	0	0	0	0	0	0	1	0	1	1	0	0	0	0	0	0	0
S200	adaptiveAcc	1	1	0	0	0	0	0	0	0	0	0	0	0	1	0	1	1	0	1	.	0	.	1	1	1	1	1	1	0	0	1	1	1	1	0	0	0	1	1	1	0	1	1	0	0	0	1	1	0	0	1	0	0	1	1	0	0	0	0	0	0	0	0
S196	linearFull	0	0	0	0	0	0	0	0	0	0	0	0	0	0	0	0	0	1	0	.	1	.	1	1	1	1	1	0	1	0	1	1	1	1	0	1	0	1	0	0	1	0	0	0	0	0	1	1	1	0	1	1	0	0	1	0	0	0	0	0	0	0	1
S208	adaptiveAcc	.	.	.	.	.	.	.	.	1	1	1	.	.	.	.	.	.	.	.	.	.	.	.	.	1	1	0	0	1	1	1	.	1	1	1	0	.	.	.	.	.	.	.	.	.	.	1	.	1	0	0	1	0	1	0	0	0	.	.	0	0	0	1
S209	adaptiveFull	0	0	0	0	0	0	1	1	0	1	0	1	0	0	0	0	0	0	1	.	0	.	0	0	1	0	1	0	1	0	1	0	1	1	0	1	1	0	1	0	0	0	1	0	0	1	0	1	1	0	1	0	1	1	0	0	0	0	0	0	0	1	1
S216	linearFull	1	1	1	1	0	0	1	1	1	1	1	0	0	1	0	0	1	1	1	.	1	.	1	1	1	1	1	1	1	0	1	1	1	1	1	1	0	0	1	1	1	1	1	1	0	1	0	0	1	0	1	1	1	0	0	0	1	1	1	0	1	0	1
S214	adaptiveAcc	1	1	0	0	0	0	0	1	0	0	0	0	0	0	0	0	0	1	1	.	0	.	1	1	1	1	1	0	0	0	1	0	1	1	0	1	0	0	0	0	0	0	0	0	0	0	0	0	1	1	0	0	0	0	0	1	0	0	0	0	0	1	1
S218	adaptiveFull	1	1	1	1	0	0	1	1	1	1	1	1	0	1	0	0	0	0	1	.	0	.	0	0	1	1	1	1	0	0	1	0	1	1	0	1	1	1	1	1	1	1	0	0	1	1	0	1	0	0	0	0	0	0	0	0	1	1	0	0	0	0	1
S217	adaptiveAcc	1	1	0	1	0	0	0	0	0	0	0	0	0	0	0	1	1	1	1	.	0	.	0	1	1	1	0	1	1	0	1	1	1	1	0	0	0	0	1	0	0	0	0	0	0	0	0	0	1	0	1	1	0	0	0	0	1	0	0	0	0	0	0
S223	adaptiveAcc	0	0	0	0	0	0	0	0	0	0	0	0	0	1	0	0	0	0	0	.	1	.	0	1	1	1	1	1	0	0	0	0	0	0	1	0	0	0	0	0	0	0	0	0	0	0	1	1	1	1	0	0	0	0	0	0	0	0	0	1	0	0	0
S212	adaptiveFull	0	0	1	0	0	0	0	0	0	0	0	0	1	1	0	0	0	0	1	.	0	.	0	0	1	0	0	1	0	0	1	1	0	0	0	0	1	1	0	0	1	0	1	0	0	0	0	1	0	1	0	0	1	0	0	0	0	0	1	1	0	0	1
S210	linearFull	0	0	0	0	0	0	0	0	0	0	0	0	1	0	0	0	0	0	1	.	1	.	1	0	1	1	0	0	0	1	0	1	1	1	0	1	0	1	1	0	1	1	1	0	0	0	1	1	0	0	0	1	1	0	1	0	0	0	0	1	0	0	0
S220	adaptiveAcc	1	1	1	1	0	0	1	1	0	1	1	0	0	0	0	0	0	0	1	.	0	.	0	1	1	1	1	1	1	1	1	0	0	0	0	0	0	0	0	1	1	1	1	1	1	0	0	0	1	0	0	1	0	0	1	0	1	1	1	0	0	0	0
S222	linearFull	1	1	0	0	0	0	0	0	0	0	0	0	0	0	0	0	0	0	0	.	1	.	1	1	0	0	0	0	0	0	0	0	1	0	0	1	0	1	1	1	0	0	0	0	0	.	0	1	0	0	0	0	0	0	0	1	0	0	0	0	.	0	0
S211	adaptiveAcc	0	1	0	0	0	0	0	0	0	0	0	0	1	1	0	0	0	0	1	.	0	.	1	0	1	0	0	0	0	0	1	0	0	1	0	0	0	0	0	1	0	0	1	1	0	0	1	1	0	0	1	0	0	0	1	0	0	0	0	0	0	0	0
S221	adaptiveFull	1	1	0	0	0	0	0	1	0	0	1	0	1	1	0	0	0	0	1	.	1	.	1	0	1	0	1	1	1	0	0	0	1	0	1	1	0	0	0	0	0	1	1	1	0	1	0	0	1	0	0	0	1	0	1	0	0	0	0	0	0	1	1
S215	adaptiveFull	0	1	1	1	1	1	1	1	1	1	0	1	0	0	0	0	1	0	1	.	1	.	0	1	1	1	1	1	0	1	1	0	1	1	0	1	1	1	0	1	0	0	0	0	1	1	1	1	1	0	1	0	0	0	0	0	1	1	0	1	0	0	1
S219	linearFull	0	1	1	0	0	0	0	0	0	0	0	0	0	0	0	0	0	0	1	.	1	.	1	1	1	1	1	1	1	0	1	1	1	1	0	0	1	1	0	0	1	1	0	0	0	0	0	1	1	0	1	1	0	0	1	0	0	0	0	0	0	0	0
S213	linearFull	0	0	1	0	1	0	0	0	0	0	0	0	0	0	1	1	1	0	1	.	0	.	1	1	0	1	1	1	0	0	0	0	0	0	0	0	0	0	0	0	0	1	0	0	0	0	1	0	0	0	0	0	1	0	0	0	0	0	0	0	0	0	1
