NAME	Config	CR1a	CR1b	CR2a	CR2b	CR3a	CR3b	Examp1a	Examp1b	Examp2a	Examp2b	Examp3a	Examp3b	Expl1a	Expl1b	Expl2a	Expl2b	Expl3a	Expl3b	Ext1a	Ext1b	Ext2a	Ext2b	Ext3a	Ext3b	Dist1a	Dist1b	Dist2a	Dist2b	Dist3a	Dist3b	MExtT1a	MExtT1b	MExtT2a	MExtT2b	MExtT3a	MExtT3b	RR1a	RR1b	RR2a	RR2b	RR3a	RR3b	TExt1a	TExt1b	TExt2a	TExt2b	TExt3a	TExt3b	VRExpl2a	VRExpl3a	VRExt1a	VRExt1b	VRExt2a	VRM3a	VExplVRM3a	VExplVRM3b	VExt1a	VExt1b	VExt1c	VExt2a	VExt3a	VETMVR2a	VEVRM2a
S055	adaptive_acc	0	1	0	0	0	0	0	0	0	0	0	0	0	0	0	0	0	0	0	.	0	.	0	0	0	0	0	0	0	1	0	0	0	0	0	0	1	0	0	0	0	0	0	0	0	1	0	0	1	0	1	0	1	0	0	0	0	0	0	0	0	0	0
S058	adaptive_acc	1	1	1	1	0	0	0	0	0	0	0	0	1	1	0	0	0	1	1	.	0	.	0	1	0	0	1	1	0	0	1	1	1	1	1	0	1	1	1	1	1	1	0	0	0	0	0	1	0	1	0	1	1	0	0	0	1	1	1	1	0	0	1
S053	adaptive_full	0	0	0	0	0	0	0	0	0	0	0	0	0	0	0	0	0	0	0	.	0	.	0	0	1	0	0	0	0	0	0	1	1	1	0	0	0	0	0	0	0	1	0	0	0	0	0	1	1	0	1	0	1	0	0	1	0	0	0	0	0	1	1
S061	adaptive_acc	0	0	0	0	0	0	0	0	0	0	0	0	0	0	1	1	0	0	1	.	1	.	0	0	1	0	1	1	1	0	1	1	0	1	0	0	1	1	1	0	0	0	0	0	0	0	0	1	0	0	1	1	0	0	1	0	0	0	1	0	1	0	1
S063	adaptive_acc	1	1	0	1	0	0	0	0	0	0	0	0	1	0	0	0	0	0	1	.	0	.	1	1	1	1	1	1	1	1	1	0	0	0	1	0	0	1	0	1	0	0	1	0	0	0	0	0	0	0	1	1	0	0	0	0	0	0	0	0	0	0	0
S066	adaptive_acc	1	0	0	1	0	0	0	0	0	0	0	0	0	0	0	0	0	0	1	.	0	.	1	0	1	0	1	1	0	0	0	1	0	1	1	0	0	0	0	1	0	0	1	0	1	1	0	1	0	0	0	0	1	0	0	1	0	0	0	0	0	0	0
S062	adaptive_full	0	0	0	0	0	0	0	0	0	0	0	0	.	.	0	0	0	0	1	.	1	.	0	1	1	0	1	1	0	0	1	0	1	0	1	0	0	1	0	0	0	0	0	0	0	0	0	0	1	0	0	0	0	0	0	0	0	0	0	0	0	0	0
S054	linear_full	0	0	0	1	0	0	1	1	1	1	1	1	0	0	1	0	0	0	1	.	0	.	1	1	1	1	1	0	1	0	1	1	1	1	1	0	0	0	0	0	0	0	1	1	1	1	1	1	1	1	0	0	1	0	0	1	0	0	0	0	0	1	1
S057	linear_full	0	1	0	0	0	0	0	1	0	0	0	0	0	0	0	0	0	0	0	.	1	.	1	1	0	1	1	1	1	0	1	1	1	1	0	1	0	0	0	1	1	1	1	0	0	1	0	1	1	1	0	1	0	.	.	.	.	.	.	.	.	.	.
S060	linear_full	1	1	1	1	0	0	0	0	0	0	0	0	1	0	0	0	0	0	1	.	1	.	1	1	1	1	1	1	1	0	0	0	1	1	0	1	1	1	0	0	1	0	1	1	1	1	0	1	0	0	1	0	0	0	0	0	0	0	0	0	0	0	0
S067	adaptive_full	0	0	0	0	0	0	0	0	0	0	0	0	.	.	0	0	0	.	1	.	0	.	0	0	0	0	0	0	0	0	1	1	0	0	0	0	0	1	0	0	0	0	0	0	0	0	0	0	1	0	0	0	0	0	0	0	0	0	0	0	0	0	0
S056	adaptive_full	1	1	0	0	0	0	0	0	0	0	0	0	0	1	0	0	0	1	1	.	1	.	1	0	0	0	1	1	0	0	0	0	1	0	1	1	0	1	0	0	1	0	0	0	1	0	1	1	0	0	0	1	1	0	0	0	0	0	0	0	0	0	0
S059	adaptive_full	0	0	0	0	0	0	0	.	0	0	0	0	0	1	1	1	.	.	0	.	0	.	1	0	1	0	1	1	0	0	1	1	0	1	0	1	.	.	1	1	1	.	0	0	0	0	0	0	1	1	1	1	1	0	0	0	0	0	0	0	0	0	1
S064	adaptive_full	1	1	1	1	0	0	0	0	0	0	0	0	1	1	0	1	0	0	1	.	0	.	1	1	1	1	1	1	1	1	1	1	1	1	0	0	0	0	0	1	0	0	0	0	0	1	1	1	1	1	1	0	1	0	1	1	1	1	1	0	0	1	1
S065	linear_full	0	1	1	1	1	0	0	0	0	1	1	1	1	1	0	0	0	0	1	.	0	.	1	1	0	1	0	1	0	0	1	1	0	0	1	0	0	0	1	0	1	1	0	1	1	1	1	1	1	0	0	0	1	0	0	0	0	0	0	1	0	0	0
S068	linear_full	0	0	0	0	0	0	0	0	0	0	0	0	0	0	0	0	0	0	0	.	0	.	0	0	1	1	0	0	0	1	0	0	1	1	0	0	1	0	0	1	0	0	1	1	0	0	1	1	0	1	0	0	0	0	1	1	0	1	0	0	0	0	0
S052	adaptive_acc	.	.	.	.	.	.	.	.	1	1	1	1	.	.	.	.	.	.	.	.	.	.	.	.	1	1	1	1	1	0	1	1	1	1	0	0	.	.	.	.	.	.	.	.	1	1	0	1	0	0	1	1	1	0	1	0	0	0	.	0	0	0	0
S241	adaptive_full	1	1	1	1	1	1	1	1	0	1	1	1	1	1	0	0	0	0	1	.	1	.	0	1	0	1	1	0	0	0	1	1	1	1	0	0	0	0	0	0	0	0	1	1	0	0	0	1	0	0	1	1	0	0	0	0	1	1	0	1	0	1	1
S230	linear_full	1	1	1	1	0	1	1	1	1	1	1	1	0	1	0	0	0	1	1	.	1	.	1	1	1	1	1	1	1	0	1	1	1	1	0	1	1	1	0	1	1	1	0	0	0	1	0	0	1	0	1	1	1	0	1	1	0	0	0	0	0	0	1
S232	adaptive_full	1	1	0	0	0	0	0	0	0	0	0	0	0	0	0	0	0	0	1	.	0	.	0	0	1	0	1	1	0	1	1	1	1	1	1	1	0	0	0	0	0	0	1	0	1	0	1	1	0	0	1	0	1	0	1	0	0	0	0	0	0	0	0
S233	linear_full	1	1	1	1	1	1	1	1	0	1	1	1	0	0	0	0	0	1	1	.	1	.	1	1	1	1	1	1	1	1	1	1	1	1	0	1	1	1	1	1	0	1	1	0	0	0	1	1	1	1	1	1	1	0	0	0	0	0	1	1	1	0	0
S236	linear_full	0	1	0	0	0	0	0	0	0	0	0	0	1	1	0	0	1	1	0	.	0	.	0	0	1	1	0	1	0	0	0	0	1	0	0	0	1	1	0	0	1	1	0	0	0	0	0	0	1	1	0	0	0	0	0	1	0	0	0	0	0	0	0
S235	adaptive_full	1	1	0	1	1	1	0	0	0	0	0	0	1	1	0	1	1	0	1	.	1	.	1	0	1	1	0	1	0	0	1	0	0	0	0	0	0	0	0	0	0	1	1	1	0	0	0	0	1	0	1	1	1	0	0	0	1	1	1	1	0	1	1
S240	adaptive_acc	1	1	1	1	0	0	1	1	0	0	0	1	0	1	0	1	0	0	0	.	1	.	0	0	0	0	0	0	0	0	1	1	0	1	0	0	1	0	0	1	0	0	0	0	0	1	0	1	1	0	1	1	0	0	0	1	0	0	0	0	0	0	1
S239	linear_full	1	1	1	1	0	0	1	1	1	1	1	1	1	1	1	1	0	0	1	.	1	.	1	0	1	1	1	1	0	0	1	0	1	1	1	1	0	0	0	0	0	0	0	1	1	1	0	1	1	0	1	1	1	1	1	0	0	1	0	0	0	0	0
S234	adaptive_acc	0	0	0	0	0	0	0	0	0	0	0	0	0	0	0	0	1	0	1	.	0	.	0	0	0	1	0	0	1	0	0	1	1	1	0	0	0	0	0	1	0	0	1	1	0	0	1	1	0	0	0	1	0	0	0	0	0	0	0	0	0	0	0
S231	adaptive_acc	0	0	1	1	0	.	0	0	0	0	0	0	1	1	0	0	1	1	1	.	1	.	0	1	1	1	1	1	0	1	1	1	1	1	1	1	1	1	1	1	1	1	1	0	0	1	0	1	1	1	0	0	1	0	0	0	1	1	0	0	0	0	1
S243	adaptive_acc	1	1	1	1	0	0	1	1	0	0	0	0	0	0	0	0	0	0	1	.	1	.	1	0	0	1	1	1	0	0	1	1	0	1	0	0	0	0	0	0	1	0	1	1	1	1	0	0	1	0	0	0	0	0	0	0	0	0	0	0	0	0	1
S228	adaptive_acc	0	0	1	1	0	0	0	0	0	0	0	0	0	0	0	1	0	0	1	.	0	.	0	1	0	1	1	1	0	0	0	0	1	0	0	0	0	0	0	0	0	0	0	0	1	0	0	1	0	0	1	0	0	0	0	0	1	1	0	1	0	0	1
S238	adaptive_full	1	1	0	1	1	1	1	1	1	1	1	0	0	1	1	1	0	0	1	.	0	.	1	1	0	1	1	0	0	0	1	0	0	0	1	0	0	1	1	1	1	0	0	0	0	1	0	0	1	0	1	0	1	0	1	0	1	1	0	0	0	0	1
S229	adaptive_full	0	0	0	0	0	0	0	0	0	0	0	0	0	0	0	0	0	0	1	.	1	.	1	1	1	0	0	1	0	0	1	1	1	1	1	0	0	1	0	1	1	0	1	1	0	0	0	1	1	0	1	1	0	0	0	0	1	1	0	0	0	0	1
S242	linear_full	0	1	1	0	0	0	0	0	0	0	0	0	0	0	1	1	1	1	1	.	1	.	1	1	1	1	1	1	0	0	1	1	1	1	0	1	0	0	0	1	0	0	0	0	0	1	1	0	1	1	0	0	1	0	0	1	1	1	0	0	0	1	1
S237	adaptive_acc	0	1	0	0	0	0	1	1	0	0	0	0	.	.	.	.	.	.	.	.	.	.	.	.	1	0	0	0	0	0	1	1	1	1	1	1	.	.	1	0	1	.	1	1	0	1	0	1	1	0	1	1	1	0	0	0	1	1	1	0	1	0	1
S260	linear_full	0	0	1	1	0	0	1	0	1	1	1	0	0	0	0	0	0	0	1	.	1	.	0	0	1	0	1	1	0	0	1	1	1	1	0	1	1	0	1	1	1	1	0	1	0	0	1	1	1	0	1	0	1	0	0	0	0	0	0	0	0	0	0
S257	linear_full	1	1	0	1	0	0	0	1	0	1	1	1	0	0	0	0	0	0	1	.	1	.	1	1	1	1	0	0	0	0	0	0	1	1	0	0	0	0	1	0	1	0	1	0	0	0	0	1	0	0	0	0	0	0	0	0	0	0	0	0	0	0	0
S258	adaptive_acc	0	1	0	1	0	0	0	0	0	0	0	0	0	0	0	0	0	0	1	.	1	.	1	0	0	1	0	1	0	0	1	1	1	1	0	1	0	1	0	0	0	0	1	0	0	0	0	1	0	0	0	1	1	0	0	0	1	1	1	1	0	1	1
S249	adaptive_acc	0	1	0	0	0	0	0	0	0	0	0	0	0	0	0	0	1	0	1	.	1	.	0	0	0	0	0	0	0	0	1	0	0	0	0	0	1	0	0	0	0	0	1	0	0	0	0	0	1	1	0	1	1	0	0	1	1	1	0	0	0	0	0
S253	adaptive_full	0	1	0	0	0	0	0	0	0	0	0	0	0	0	0	0	1	0	1	.	1	.	0	1	0	0	0	0	1	0	0	1	1	1	0	0	1	0	0	1	0	0	1	0	0	1	0	1	1	0	0	0	1	0	0	0	0	1	1	0	0	0	1
S263	linear_full	1	1	0	0	0	0	0	0	0	0	0	0	1	0	0	0	0	1	1	.	1	.	0	1	1	1	0	1	1	0	1	1	1	1	0	0	1	1	1	1	1	1	1	1	0	0	1	1	1	0	0	0	1	0	0	0	0	0	0	0	0	0	0
S252	adaptive_acc	0	0	0	0	0	0	0	0	0	0	0	0	0	0	0	0	1	1	0	.	0	.	0	0	0	0	0	0	0	1	0	0	0	1	0	0	0	0	1	0	0	0	0	0	0	1	0	1	0	0	0	0	0	0	0	0	0	0	0	0	0	0	0
S255	adaptive_acc	1	1	0	0	1	0	1	1	1	1	1	1	0	0	0	0	0	0	1	.	1	.	1	0	1	1	1	1	0	0	1	1	1	1	0	1	0	0	0	1	1	0	0	0	0	1	0	1	1	1	1	0	1	0	1	1	0	0	0	0	0	0	1
S254	linear_full	1	1	1	1	0	1	1	1	1	1	1	1	0	1	0	0	0	1	1	.	1	.	1	1	1	1	1	1	0	1	1	1	1	1	0	1	0	0	0	1	1	1	1	1	1	0	1	1	1	1	0	0	1	0	1	0	1	1	1	0	0	1	1
S261	adaptive_acc	1	1	1	1	0	0	0	0	0	0	0	0	0	0	0	1	0	1	1	.	0	.	0	0	1	0	1	1	0	0	0	0	0	0	1	0	0	1	1	1	0	0	1	0	0	0	0	1	0	0	1	0	0	0	1	1	0	1	1	0	0	1	0
S262	adaptive_full	1	1	0	0	0	0	0	0	0	0	0	0	0	0	0	0	0	1	1	.	0	.	1	1	0	1	0	1	0	1	0	0	0	0	1	0	0	0	1	0	0	0	1	0	0	0	0	1	0	0	0	0	0	0	0	0	1	1	0	1	0	0	1
S251	linear_full	0	1	1	1	0	0	0	0	0	0	0	0	1	1	0	0	1	1	0	.	0	.	0	1	1	1	0	0	0	0	1	1	1	1	0	1	0	0	1	0	1	0	1	0	0	0	1	1	1	0	0	1	1	0	1	1	0	0	0	0	0	0	0
S250	adaptive_full	1	1	0	1	1	0	0	0	0	0	0	0	0	0	0	1	1	1	1	.	1	.	0	0	1	0	1	0	1	1	1	1	0	1	0	1	0	1	1	0	0	0	1	0	0	0	0	1	1	0	1	0	0	0	0	0	0	0	0	0	0	0	1
S259	adaptive_full	1	1	1	1	0	.	1	0	0	0	1	1	1	1	0	0	1	0	1	.	0	.	1	0	1	1	1	1	0	0	1	1	1	1	1	1	1	0	1	0	1	1	1	0	0	0	0	1	1	0	1	1	1	0	0	0	0	0	0	0	0	0	1
S256	adaptive_full	0	0	0	1	0	0	0	1	0	0	0	0	0	.	0	1	0	0	0	.	0	.	0	0	0	1	0	1	0	1	0	0	0	0	0	0	0	0	1	0	1	0	0	0	0	0	0	1	1	1	0	0	0	0	0	0	0	0	0	0	0	0	1
S284	adaptive_acc	0	0	0	0	0	0	0	0	0	0	0	0	0	0	0	0	1	1	0	.	1	.	0	0	0	0	1	0	0	0	0	0	0	0	0	0	0	0	0	0	0	0	0	0	0	0	0	1	0	0	0	0	0	0	0	0	0	0	0	0	0	0	0
S283	linear_full	0	0	0	0	0	0	0	0	0	0	0	0	0	0	0	0	1	1	1	.	0	.	0	0	1	0	0	0	0	0	0	1	0	0	0	0	0	1	0	1	0	1	0	0	0	0	0	1	1	0	0	1	1	0	0	0	0	0	0	0	0	0	0
S273	adaptive_full	0	0	0	0	0	0	0	0	0	0	0	0	0	0	0	0	1	0	0	.	0	.	1	0	0	0	0	1	0	0	0	0	0	0	0	0	0	0	0	0	0	1	0	0	0	0	0	1	0	1	0	0	1	0	0	0	0	0	0	0	0	0	0
S285	adaptive_full	0	0	0	0	0	0	0	0	0	0	0	0	0	1	1	0	0	0	0	.	0	.	0	0	0	0	0	0	0	0	0	0	0	0	0	1	0	0	0	0	0	0	0	0	0	0	0	0	0	0	1	0	1	0	0	0	0	0	0	0	0	0	0
S272	adaptive_acc	1	.	0	0	0	1	.	.	0	.	.	.	.	.	.	.	1	.	.	.	0	.	0	.	0	0	1	1	1	0	0	.	.	.	.	.	.	.	.	.	.	.	0	0	0	0	.	.	.	.	0	0	1	.	.	.	0	1	0	0	.	0	0
S274	linear_full	0	0	0	0	0	0	1	0	0	0	0	0	0	0	0	0	0	0	0	.	0	.	0	0	0	0	1	0	0	0	1	0	1	0	0	0	0	0	1	0	1	0	0	0	1	0	0	0	1	1	1	0	0	0	0	0	0	0	0	0	0	0	0
S281	adaptive_acc	1	0	0	0	0	0	0	.	.	.	.	.	.	.	.	.	.	.	0	.	0	.	0	0	0	1	1	1	0	0	0	0	0	.	.	.	.	.	.	.	.	.	0	0	0	1	0	0	.	.	0	1	1	0	.	.	1	1	0	0	0	0	0
S276	adaptive_full	.	.	0	0	.	.	.	.	0	.	.	.	.	.	.	.	.	.	.	.	0	.	0	.	0	0	0	0	0	0	0	1	.	.	.	.	.	.	.	.	.	.	1	1	0	0	1	1	.	.	0	0	0	.	.	.	0	0	0	0	.	0	0
S275	adaptive_acc	0	0	0	0	0	0	.	.	0	0	0	0	.	.	.	.	.	.	0	.	0	.	.	.	0	0	0	0	1	0	0	0	0	1	.	.	.	.	.	.	.	.	0	0	0	0	.	.	.	.	0	0	0	.	.	.	0	0	0	0	0	0	0
S280	linear_full	0	1	0	0	0	0	0	0	0	0	1	0	0	0	0	0	0	0	0	.	0	.	0	0	0	0	0	1	0	0	1	0	0	0	1	0	0	1	0	0	0	0	1	0	1	0	0	0	0	1	.	.	.	.	.	.	.	.	.	.	.	.	.
S282	adaptive_full	.	.	0	1	0	.	.	.	0	.	.	.	.	.	.	.	.	.	.	.	0	.	0	0	1	1	0	1	1	0	0	0	.	.	.	.	.	.	.	.	.	.	0	.	0	0	0	.	.	.	0	1	1	.	.	0	0	0	0	0	.	0	0
S270	adaptive_full	1	0	0	0	0	0	.	.	0	.	.	.	.	.	.	.	.	.	.	.	.	.	.	.	1	1	1	0	0	0	0	0	1	1	0	0	.	.	.	.	.	.	.	.	0	0	1	1	1	.	0	1	1	0	0	0	.	.	.	0	0	0	1
S269	adaptive_acc	1	1	0	0	0	0	.	.	0	.	.	.	.	.	.	.	.	.	1	.	1	.	0	1	1	1	0	1	1	0	0	0	0	0	.	.	.	.	.	.	.	.	1	1	0	0	1	1	.	.	0	1	1	.	.	.	0	0	.	0	0	0	0
S278	adaptive_acc	1	0	0	0	0	0	0	0	0	0	0	0	0	0	0	0	0	0	0	.	0	.	0	0	0	0	1	1	0	0	0	0	0	1	0	0	0	0	1	1	0	0	0	0	0	0	0	0	1	0	0	1	0	0	0	1	0	0	0	0	0	0	0
S279	adaptive_full	.	.	.	.	.	.	.	.	.	.	.	.	.	.	.	.	.	.	.	.	.	.	.	.	0	0	0	0	0	0	.	.	.	.	.	.	.	.	.	.	.	.	.	.	0	0	.	.	.	.	0	0	0	.	.	1	1	1	0	0	0	0	0
S271	linear_full	0	1	0	0	0	0	0	0	0	0	0	0	0	0	0	0	1	1	1	.	0	.	0	0	1	1	0	0	.	.	0	0	0	1	0	1	0	0	0	1	1	0	.	.	.	.	.	.	.	.	.	.	.	.	.	.	.	.	.	.	.	.	.
S277	linear_full	0	0	0	0	0	0	0	1	0	0	0	0	1	0	0	0	1	1	0	.	0	.	0	0	0	0	0	1	0	0	0	0	0	1	0	0	0	1	0	1	1	1	0	0	0	1	0	1	0	0	0	0	1	0	0	0	0	0	0	0	0	0	0
S298	adaptive_full	.	.	0	0	1	1	1	1	0	1	1	1	.	.	.	.	.	0	.	.	0	.	1	.	1	1	1	1	0	0	1	1	1	1	0	0	.	.	.	.	.	.	.	.	0	0	0	0	0	.	1	0	1	0	.	.	0	.	.	0	0	0	0
S308	linear_full	0	0	0	0	0	0	0	0	1	1	1	1	0	0	0	0	1	0	0	.	0	.	0	0	0	1	0	0	0	1	0	0	0	0	0	0	0	1	0	0	1	0	0	0	0	0	0	1	0	0	0	0	0	0	0	0	0	0	0	0	0	0	0
S299	linear_full	0	0	0	0	0	1	0	0	1	1	1	0	0	1	1	1	0	1	1	.	0	.	1	0	1	0	0	0	1	1	0	0	0	0	0	0	0	1	1	0	0	0	1	0	0	0	0	0	0	0	0	0	1	0	0	0	0	.	.	.	.	.	.
S302	linear_full	0	1	0	1	0	0	0	1	0	0	0	0	0	0	0	0	0	0	1	.	1	.	0	0	1	1	0	1	1	0	1	1	1	1	0	1	0	1	1	1	1	0	1	1	1	1	1	1	0	0	0	0	0	0	1	0	0	0	1	1	0	0	0
S307	adaptive_full	1	0	0	0	0	0	0	0	0	0	0	0	0	0	1	0	.	.	1	.	0	.	0	0	1	0	0	0	0	0	1	0	1	0	0	1	0	0	0	0	0	1	0	0	0	0	0	0	0	0	0	0	0	0	0	1	0	0	0	0	0	0	1
S291	adaptive_acc	0	0	0	0	0	0	0	0	0	0	0	0	0	0	0	0	0	0	0	.	0	.	0	0	0	0	1	1	0	0	0	0	0	0	0	1	1	1	0	0	0	0	0	0	0	0	0	0	0	0	1	0	1	0	0	0	0	0	0	0	0	0	0
S297	adaptive_acc	0	0	0	0	0	0	0	0	0	0	0	0	0	1	0	0	0	1	1	.	0	.	0	0	1	1	0	0	0	0	0	0	1	1	0	1	0	1	0	0	0	0	0	0	0	1	0	1	1	1	1	0	1	0	0	1	0	0	0	0	0	0	0
S296	linear_full	1	1	1	0	1	0	0	0	1	1	1	1	1	0	1	0	1	0	1	.	1	.	0	0	0	0	1	0	1	0	1	0	0	0	0	1	0	0	0	0	0	0	1	0	0	0	1	1	0	0	1	0	0	0	1	0	0	0	0	0	0	0	0
S292	adaptive_full	0	0	0	0	0	0	0	0	0	0	0	0	0	0	0	1	0	1	1	.	0	.	0	0	0	1	0	0	0	0	0	0	0	1	0	0	0	0	0	0	1	0	1	1	0	0	0	0	0	0	0	0	1	0	1	0	0	0	0	0	0	0	1
S304	adaptive_full	.	.	.	.	.	.	.	.	0	0	0	.	.	.	.	.	.	.	.	.	.	.	.	.	0	1	1	1	0	1	1	1	1	1	0	0	.	.	.	.	.	.	.	.	0	0	1	1	0	.	0	0	1	0	1	0	.	.	.	0	0	0	0
S301	adaptive_full	0	0	0	0	0	0	0	0	0	0	0	0	.	.	0	0	0	1	1	.	0	.	0	0	0	0	0	1	1	1	0	0	1	0	0	0	0	0	0	0	0	0	0	1	0	0	1	1	1	0	0	0	0	0	1	0	0	0	1	0	0	0	1
S305	linear_full	1	1	1	1	1	1	1	0	1	1	1	1	0	0	0	0	0	0	1	.	1	.	1	1	1	1	1	1	1	1	0	1	1	1	0	1	0	1	1	1	1	1	1	1	0	0	1	0	0	0	0	0	1	0	0	1	.	.	.	.	.	.	.
S294	adaptive_acc	0	0	0	0	0	0	0	0	0	0	0	0	0	0	0	0	0	1	1	.	0	.	0	0	1	0	1	1	1	0	0	0	0	0	0	0	1	0	0	0	0	0	1	0	0	1	0	0	0	0	1	1	0	0	1	0	0	0	0	0	0	0	0
S295	adaptive_full	0	0	0	0	0	0	0	0	0	0	0	0	0	.	0	0	1	0	1	.	0	.	0	0	0	1	1	0	1	0	0	0	0	1	0	0	0	1	0	0	1	1	1	1	0	1	0	1	0	0	1	1	1	0	0	0	0	0	0	0	0	0	0
S303	adaptive_acc	0	0	0	0	0	0	.	.	0	0	0	0	.	.	.	.	.	.	1	.	0	.	0	0	0	0	0	1	1	1	0	1	1	1	0	1	.	.	.	.	.	.	0	1	0	1	1	0	.	.	0	1	0	0	.	.	0	0	0	0	1	0	0
S306	adaptive_acc	1	1	0	1	0	0	.	.	0	0	0	0	.	.	.	.	.	.	1	.	1	.	1	1	1	1	0	1	1	0	1	0	0	1	0	0	.	.	.	.	.	.	0	1	0	0	0	1	.	.	0	0	0	.	.	.	0	0	0	0	0	0	0
S300	adaptive_acc	0	0	0	0	0	0	0	0	0	0	0	0	0	0	0	0	1	1	1	.	0	.	0	0	0	0	1	0	0	0	0	0	1	0	0	0	0	0	0	0	0	0	1	0	0	1	1	1	0	0	1	0	0	0	0	0	0	0	0	0	0	0	1
S293	linear_full	0	0	0	0	0	0	0	0	0	0	0	0	0	0	0	0	0	0	1	.	1	.	0	0	1	1	0	1	0	0	0	1	0	0	0	0	0	0	0	0	0	0	0	0	0	0	0	0	1	0	0	0	1	0	0	0	0	0	0	0	0	0	0
S316	adaptive_full	.	.	.	.	.	.	.	.	.	.	.	.	.	.	.	.	.	.	.	.	.	.	.	.	0	1	1	1	0	0	.	.	1	1	1	1	.	.	.	.	.	.	.	.	0	0	1	1	.	.	.	.	.	0	.	.	0	.	.	1	0	0	1
S319	adaptive_full	0	0	0	0	0	0	0	0	0	1	0	0	0	1	0	1	1	0	0	.	0	.	0	0	0	0	0	0	1	1	0	1	0	1	0	0	0	1	0	1	1	1	0	0	0	0	0	1	1	0	0	0	1	0	0	1	0	0	0	0	1	0	0
S317	linear_full	0	1	1	1	0	0	0	0	0	0	0	0	0	0	0	0	1	1	1	.	0	.	0	1	0	1	0	1	0	0	0	0	0	0	0	1	0	1	0	0	0	0	1	1	0	0	1	1	0	0	0	0	0	0	1	0	0	0	0	0	1	0	0
S318	adaptive_acc	0	1	1	0	0	0	0	0	1	1	0	0	0	1	0	1	1	0	0	.	1	.	0	0	1	1	0	0	0	0	0	0	1	0	0	0	0	0	0	0	0	0	0	0	0	0	0	1	0	0	0	0	0	0	1	1	0	0	0	0	0	0	1
S320	linear_full	0	1	0	0	0	0	0	0	0	1	1	0	0	0	0	0	0	0	1	.	0	.	0	0	1	1	1	0	0	0	1	1	1	1	1	1	0	0	1	1	1	1	1	0	0	1	0	0	1	0	0	0	0	.	.	.	.	.	.	.	.	.	.
S315	adaptive_acc	0	0	0	1	0	0	0	0	0	1	0	0	0	0	0	0	1	0	1	.	1	.	1	0	1	1	0	0	0	0	1	0	1	1	0	0	0	1	0	0	1	0	0	0	0	0	1	0	1	0	0	0	1	0	0	0	0	0	1	0	0	0	0
S334	linear_full	1	1	1	1	0	0	0	0	1	0	1	1	1	1	0	0	0	0	1	.	0	.	0	1	0	0	0	0	1	0	1	1	1	1	0	0	1	1	0	0	0	0	1	0	1	0	1	0	1	0	0	0	1	0	1	0	0	0	0	0	0	0	0
S324	adaptive_full	1	1	0	1	0	0	0	0	0	0	0	0	1	0	0	0	0	0	1	.	0	.	1	1	0	0	0	0	0	0	1	0	1	1	0	0	0	0	0	1	0	0	0	1	0	0	0	1	1	0	0	0	1	0	0	1	0	0	0	0	0	0	0
S325	linear_full	1	1	1	1	0	1	0	1	1	1	1	1	0	0	0	0	0	1	1	.	1	.	1	1	1	1	1	1	1	1	1	1	1	1	0	1	0	0	0	0	0	0	1	1	0	1	1	1	1	1	0	1	1	1	0	0	0	1	1	1	0	1	0
S328	linear_full	1	1	0	1	1	1	1	1	1	0	1	0	0	1	0	0	0	0	0	.	1	.	1	1	1	1	1	1	0	0	1	0	0	1	0	0	1	1	1	0	1	1	1	1	1	1	1	1	0	1	1	0	1	0	0	0	0	0	0	0	0	0	0
S327	adaptive_full	0	0	1	0	0	0	0	0	0	0	0	0	.	.	.	.	.	.	0	.	0	.	0	0	0	0	0	0	0	0	1	0	0	0	0	0	0	.	0	1	0	0	0	1	0	0	0	1	1	0	0	1	1	0	0	1	0	0	0	0	0	0	0
S323	adaptive_acc	1	.	1	1	0	0	1	1	1	0	1	1	1	0	0	0	0	0	0	.	1	.	1	1	1	1	1	1	1	0	1	1	1	1	1	1	1	0	1	1	1	1	1	1	0	0	0	1	1	1	0	0	1	0	1	0	0	0	1	1	0	1	1
S336	adaptive_full	0	0	0	0	0	0	0	0	0	0	0	0	0	0	0	0	1	1	0	.	0	.	0	0	1	1	1	0	0	0	0	0	0	0	0	0	0	0	1	0	0	0	0	0	0	0	0	0	0	0	1	0	0	0	0	0	0	0	0	0	0	0	0
S333	adaptive_full	1	1	1	1	1	1	0	0	0	0	0	0	0	1	0	1	0	0	.	.	0	.	.	.	1	1	1	1	0	0	1	1	1	1	1	1	1	1	0	1	1	1	1	1	1	1	0	1	1	0	0	1	1	0	0	0	1	1	1	0	1	0	1
S332	adaptive_acc	0	0	0	0	0	0	0	0	0	0	0	0	0	1	0	0	0	1	1	.	1	.	1	1	0	1	0	1	1	1	1	0	1	1	0	1	1	0	0	0	1	0	1	0	1	1	0	0	1	0	0	0	1	0	1	0	1	1	1	1	0	0	1
S331	linear_full	0	0	1	1	0	0	0	0	0	0	0	0	1	1	0	0	0	0	1	.	1	.	0	0	0	0	1	0	0	0	1	0	1	0	0	0	0	0	0	0	0	0	0	0	0	0	0	0	0	0	0	0	0	0	1	0	1	1	0	0	0	0	1
S329	adaptive_acc	1	1	0	0	1	0	1	1	0	0	1	0	0	0	0	0	0	0	1	.	0	.	0	0	1	0	0	0	0	0	0	1	0	0	1	0	1	0	1	0	0	1	0	0	0	1	0	1	1	0	1	0	0	0	1	1	0	0	0	0	0	0	1
S326	adaptive_acc	1	.	.	.	.	.	.	.	0	.	.	.	.	.	.	.	.	.	.	.	.	.	.	.	1	1	0	0	1	0	1	0	1	1	0	0	.	.	.	.	.	.	.	.	.	.	0	.	.	.	.	.	1	0	1	0	0	.	.	1	0	0	1
S338	adaptive_acc	0	0	0	0	0	0	1	1	0	0	0	0	.	.	0	.	.	.	1	.	0	.	1	0	1	0	1	1	0	0	0	0	1	1	0	1	0	1	0	0	1	1	1	0	0	1	0	0	0	0	1	1	1	0	0	0	0	0	0	0	0	0	0
S335	adaptive_acc	1	1	1	1	0	.	0	0	0	1	0	0	0	0	0	1	0	1	1	.	1	.	1	1	1	1	1	1	0	1	1	1	1	1	0	0	1	1	1	1	0	0	1	1	0	0	0	1	1	1	1	1	0	0	1	0	0	0	0	0	0	1	0
S337	linear_full	0	0	0	0	0	0	1	0	0	0	0	0	0	1	0	0	0	0	1	.	0	.	0	0	1	0	0	1	0	0	0	0	1	0	1	0	1	0	1	0	0	0	0	0	0	0	0	0	0	0	1	0	1	0	0	0	0	0	0	0	0	0	0
S330	adaptive_full	0	0	0	0	0	0	1	1	0	0	0	0	0	1	0	0	0	1	1	.	1	.	0	0	1	1	1	0	0	0	1	0	1	1	1	0	0	0	1	1	1	0	1	1	0	1	1	1	1	0	0	1	0	0	1	0	0	1	1	1	0	0	0
S091	linear_full	0	0	0	0	0	0	0	0	0	0	0	0	1	1	0	0	0	1	1	.	0	.	0	0	0	0	0	0	0	0	1	0	1	1	0	0	0	0	1	0	1	1	1	1	0	1	0	1	1	1	0	1	1	0	0	0	0	0	0	0	0	0	1
S075	adaptive_full	1	1	0	1	0	.	1	1	0	1	0	1	0	0	1	1	1	0	1	.	1	.	1	0	1	1	1	1	0	0	1	0	1	1	1	1	0	1	0	1	0	0	0	0	1	0	0	1	1	1	1	0	0	0	1	1	1	1	0	0	0	0	1
S074	adaptive_acc	0	0	0	0	0	0	0	0	0	0	0	0	0	0	0	0	1	0	1	.	0	.	1	1	0	1	0	0	0	0	1	0	1	1	0	0	1	0	0	0	0	0	1	1	1	1	0	1	1	1	1	0	1	0	0	0	0	0	0	0	0	0	1
S088	linear_full	0	1	1	1	0	0	0	0	0	0	0	0	0	0	0	0	0	0	1	.	0	.	0	0	0	0	1	0	0	0	1	0	0	1	0	1	0	1	0	1	0	1	1	1	1	0	0	1	1	0	1	1	0	0	0	0	0	0	0	0	0	0	0
S082	linear_full	1	1	1	1	0	0	0	0	0	0	0	0	0	0	1	1	0	0	1	.	0	.	0	0	0	0	1	1	0	0	1	1	0	0	0	1	0	0	0	0	0	0	1	1	0	0	0	1	0	0	0	0	1	0	1	0	0	0	0	0	0	0	0
S083	adaptive_acc	0	0	0	0	0	0	0	0	0	0	0	0	0	1	0	1	0	0	0	.	0	.	0	0	1	0	1	1	0	0	0	1	1	0	1	0	0	0	1	1	0	0	0	0	0	0	0	0	1	0	0	0	0	0	1	0	0	0	0	0	0	0	0
S086	adaptive_acc	1	1	1	1	0	0	1	1	1	1	1	1	0	0	0	1	0	1	1	.	1	.	1	1	1	1	1	1	1	0	1	1	1	1	0	0	0	1	0	0	0	0	1	0	0	1	0	1	1	0	1	1	1	1	0	0	0	0	0	0	0	0	0
S087	adaptive_full	1	1	1	1	0	0	0	0	0	0	0	0	0	0	0	1	0	1	1	.	1	.	1	1	0	1	1	1	0	0	0	0	1	0	0	1	1	0	0	0	1	0	0	0	0	1	0	0	0	1	1	0	1	0	0	0	0	0	0	0	0	0	1
S080	adaptive_acc	0	0	0	0	0	0	0	0	0	0	0	0	0	0	0	0	0	0	1	.	0	.	0	0	0	0	0	0	0	0	1	0	1	0	1	0	0	1	1	0	0	0	0	0	0	1	0	0	0	0	0	1	0	0	0	0	0	0	0	0	0	0	0
S078	adaptive_full	1	1	0	0	0	0	0	0	0	0	0	0	0	0	0	0	1	0	1	.	1	.	1	0	1	1	1	0	0	0	1	0	0	1	0	1	1	1	0	1	0	0	0	0	0	0	0	1	0	0	1	0	0	0	0	0	1	1	0	0	0	0	0
S085	linear_full	1	1	1	0	0	0	0	0	0	0	0	0	0	1	0	0	0	1	1	.	1	.	1	0	1	1	0	0	0	0	1	0	1	1	0	1	0	0	0	0	0	0	1	1	0	0	1	1	1	0	0	0	1	0	1	1	1	1	0	0	0	0	0
S084	adaptive_full	1	1	0	1	0	0	0	0	0	0	0	0	0	1	1	0	1	0	0	.	1	.	1	1	0	0	0	0	0	0	1	1	1	1	0	0	1	0	0	1	0	0	1	0	0	0	1	0	1	1	0	0	1	0	0	0	1	1	1	1	0	0	0
S076	linear_full	0	1	0	1	0	0	1	1	0	1	1	1	0	0	0	0	0	0	1	.	0	.	1	0	1	1	0	1	0	0	1	1	1	1	1	0	1	1	0	1	1	1	1	0	1	1	0	0	1	1	1	0	1	0	0	0	0	1	0	0	0	0	1
S081	adaptive_full	0	0	0	0	0	0	0	0	0	0	0	0	0	1	0	1	0	0	1	.	1	.	1	1	1	1	0	1	0	0	1	0	1	1	0	0	0	1	0	1	0	0	0	0	0	0	0	1	1	0	0	1	1	0	0	0	0	0	0	0	0	1	1
S077	adaptive_acc	0	1	1	1	0	0	1	1	0	0	0	0	0	0	0	0	1	0	1	.	0	.	1	0	1	1	1	0	0	1	1	0	1	1	0	0	0	0	0	0	0	0	0	0	0	0	0	1	0	0	1	1	0	0	0	0	0	1	0	0	0	0	0
S089	adaptive_acc	0	0	0	0	0	0	.	.	0	0	0	0	.	.	.	0	.	.	0	.	0	.	1	1	0	1	1	0	0	1	1	0	1	0	0	0	.	.	.	.	.	.	0	0	1	0	0	1	1	0	0	1	0	0	0	.	0	0	0	0	0	1	1
S090	adaptive_full	0	0	0	0	0	0	0	0	0	0	0	0	0	1	0	0	0	0	0	.	0	.	0	0	1	0	0	0	0	0	0	0	1	1	0	1	0	1	0	0	1	0	1	0	0	0	1	1	1	0	0	1	0	0	0	0	0	0	0	0	0	0	0
S079	linear_full	0	0	0	0	0	0	1	1	1	1	1	1	0	0	0	0	0	1	1	.	1	.	0	1	1	1	1	1	0	0	1	1	1	1	0	0	0	0	1	0	1	1	0	0	0	0	1	0	1	0	1	1	0	0	0	0	0	0	1	0	0	0	0
S113	adaptive_full	1	1	1	1	0	0	1	1	1	1	1	1	0	1	0	0	0	0	1	.	1	.	1	1	0	1	0	0	1	1	1	1	1	1	0	0	1	1	0	1	1	1	1	1	1	1	1	1	1	1	1	1	1	0	1	0	1	1	1	1	0	1	0
S101	adaptive_full	0	0	0	0	0	0	0	0	0	0	0	0	1	0	0	0	0	0	1	.	0	.	1	1	1	0	0	1	0	0	1	0	1	0	0	0	0	0	0	1	0	0	0	1	0	0	0	1	1	0	0	0	1	0	0	0	0	0	0	0	0	0	0
S099	linear_full	0	1	1	1	0	0	0	0	0	0	0	0	1	1	1	1	1	0	1	.	0	.	1	0	1	1	1	1	1	0	0	0	0	1	0	0	0	0	0	0	0	0	1	1	0	0	0	1	0	0	0	0	0	0	0	0	0	0	0	0	0	0	0
S111	linear_full	0	1	1	1	0	0	0	0	0	0	0	0	0	0	1	1	0	1	1	.	1	.	1	1	0	0	0	0	0	0	1	1	1	1	0	0	1	0	0	1	1	1	0	0	0	0	0	0	1	1	0	0	0	0	0	0	0	0	0	0	0	0	0
S114	linear_full	1	1	0	1	0	0	0	0	0	0	0	0	0	0	0	0	0	0	1	.	1	.	1	1	1	1	1	0	1	1	1	1	1	1	1	1	1	1	0	1	1	1	1	1	1	1	0	1	1	0	1	0	0	0	1	0	0	0	0	0	0	0	0
S102	linear_full	1	1	1	1	1	1	0	0	0	1	1	1	0	0	0	1	0	0	1	.	1	.	0	0	1	1	0	1	1	0	1	1	1	1	0	1	0	1	0	0	1	1	1	1	1	1	1	1	0	0	1	0	0	0	0	0	0	0	0	0	0	0	0
S098	adaptive_full	0	0	1	1	0	0	0	0	0	0	0	0	0	1	0	0	1	1	0	.	1	.	0	1	1	0	0	0	0	0	1	0	0	0	0	1	0	1	1	0	0	1	0	0	0	0	0	0	0	0	0	0	0	0	1	0	1	0	1	0	0	0	1
S100	adaptive_acc	0	0	1	0	0	0	0	0	0	0	0	0	0	0	0	0	1	0	1	.	1	.	0	0	0	1	0	1	0	0	0	0	1	1	0	0	0	0	0	0	0	1	0	0	0	1	1	1	0	1	0	0	0	0	0	0	0	0	0	0	0	0	0
S106	adaptive_acc	.	.	1	1	.	.	0	0	0	0	0	0	1	1	0	1	0	0	.	.	0	.	.	.	1	1	1	1	0	0	1	1	1	1	1	1	1	1	1	1	1	1	1	1	1	1	0	1	1	0	0	0	1	0	1	0	1	1	0	0	0	0	1
S103	adaptive_acc	.	.	.	.	.	.	1	1	1	1	1	1	1	0	1	1	1	1	.	.	.	.	.	.	1	1	0	1	1	1	1	0	1	1	0	1	0	1	1	0	1	0	0	.	1	1	1	1	1	0	0	0	1	0	1	1	0	0	0	0	0	0	1
S110	adaptive_full	1	.	0	1	0	0	1	1	1	1	1	1	0	0	0	1	0	0	1	.	1	.	1	1	1	1	0	1	1	0	1	1	1	1	0	1	1	1	1	1	1	1	1	0	0	1	1	1	1	0	1	0	1	0	0	0	1	1	1	1	0	1	1
S107	adaptive_full	1	1	0	0	0	0	0	0	0	0	0	0	.	.	.	.	.	.	1	.	0	.	0	1	0	0	0	0	1	0	0	0	1	0	1	1	1	0	0	0	0	0	0	0	0	0	0	0	0	0	0	1	0	0	0	0	0	0	0	0	0	0	0
S109	adaptive_acc	1	1	1	1	0	0	1	1	1	1	1	1	0	1	0	1	1	0	1	.	1	.	0	1	1	1	1	1	1	0	1	0	1	1	0	1	1	0	0	1	0	0	0	0	0	0	1	1	1	1	0	0	0	0	0	0	1	0	1	0	0	1	1
S112	adaptive_acc	.	.	.	.	.	.	.	.	1	1	1	1	.	.	.	.	.	.	.	.	.	.	.	.	1	1	1	1	0	1	1	1	1	1	0	0	.	.	.	.	.	.	0	1	0	1	1	1	1	0	1	0	1	0	1	0	0	0	.	0	0	0	0
S105	linear_full	1	1	0	1	0	0	0	0	0	0	0	0	1	1	0	1	1	1	1	.	1	.	1	1	1	1	0	0	1	1	1	0	1	0	0	0	0	0	0	0	0	0	1	1	0	0	0	0	0	0	0	1	1	0	0	0	0	0	0	0	0	0	0
S104	adaptive_full	0	0	0	0	0	0	0	0	0	0	0	0	0	0	0	0	0	1	0	.	0	.	1	0	0	0	0	0	0	0	1	0	1	0	0	0	1	0	0	0	0	0	0	0	0	0	1	1	1	0	0	1	0	0	0	0	0	0	0	0	0	0	0
S108	linear_full	1	1	1	1	0	1	1	0	1	1	1	1	0	0	0	0	0	0	1	.	1	.	1	1	1	1	1	1	0	0	1	1	1	1	0	0	0	1	0	1	1	0	1	1	1	1	0	1	1	0	0	0	1	0	1	1	0	.	.	.	.	.	.
S097	adaptive_acc	1	1	0	1	0	0	0	0	0	0	0	0	0	1	0	1	0	1	1	.	1	.	1	0	1	1	1	1	1	0	1	1	1	1	1	1	0	0	0	0	0	1	0	0	0	0	1	1	1	0	1	0	1	0	1	0	0	0	1	0	0	0	1
S129	adaptive_full	1	1	1	1	0	0	1	1	1	1	1	1	0	0	0	0	1	1	1	.	1	.	1	1	1	1	1	1	1	1	1	1	1	1	0	1	1	1	0	0	1	1	1	1	1	1	0	0	1	0	1	1	1	0	1	0	1	1	1	1	1	0	1
S128	adaptive_acc	1	1	1	1	0	0	1	1	1	1	0	1	0	1	0	0	0	0	1	.	0	.	0	0	1	0	1	1	0	0	1	0	1	1	0	0	0	0	0	0	0	1	1	1	1	1	0	0	0	0	1	0	0	0	0	1	0	0	0	0	0	0	1
S120	adaptive_full	1	1	1	1	0	0	1	1	0	0	0	0	0	1	0	0	1	1	1	.	1	.	0	0	1	1	1	1	0	0	1	1	1	1	1	1	0	0	0	0	1	1	1	1	0	1	0	1	1	0	0	1	1	0	1	0	0	0	0	1	0	0	1
S136	linear_full	1	1	1	1	0	1	1	1	1	1	1	1	1	1	0	0	0	1	1	.	1	.	1	1	1	1	1	1	1	0	1	1	1	1	0	0	0	0	0	1	1	1	1	1	1	1	1	1	1	0	1	1	1	0	0	0	0	1	0	0	0	.	.
S122	adaptive_acc	1	1	1	1	0	0	1	1	1	1	1	0	0	0	0	0	0	0	1	.	1	.	1	0	1	1	0	1	0	0	1	1	1	1	0	0	1	1	0	0	1	1	1	1	0	1	0	1	1	1	0	1	0	0	0	0	0	1	0	0	1	0	0
S124	linear_full	1	1	1	1	1	1	0	0	0	1	0	0	0	1	0	1	0	0	1	.	0	.	1	1	0	0	1	1	1	1	1	0	1	1	0	0	0	0	0	0	1	1	1	1	0	0	0	1	1	0	1	1	1	1	0	0	0	0	1	1	0	0	0
S127	linear_full	1	1	1	1	0	0	0	0	0	0	0	0	0	0	0	0	0	0	1	.	1	.	1	1	0	1	1	0	1	0	0	1	1	1	1	1	1	1	1	1	1	1	1	1	1	1	1	1	1	1	1	1	0	0	0	0	0	0	0	0	0	0	1
S126	adaptive_full	0	0	0	0	0	0	0	0	0	0	0	0	0	0	0	0	0	0	1	.	0	.	1	0	0	0	1	0	1	0	0	0	0	1	0	0	0	0	0	0	0	0	0	0	0	0	1	1	0	0	0	0	0	0	0	0	0	0	0	0	0	0	0
S134	adaptive_acc	1	1	0	0	0	0	0	0	0	0	0	0	1	1	0	0	1	1	1	.	1	.	1	1	1	1	0	0	0	0	1	1	1	1	0	0	0	0	0	0	0	0	1	1	0	0	0	1	1	0	1	0	1	0	1	0	1	1	1	0	1	0	1
S125	adaptive_acc	0	1	0	1	0	0	0	0	0	0	0	0	1	1	0	1	1	1	0	.	0	.	1	0	0	0	0	0	1	1	0	0	1	1	0	0	0	0	0	0	0	0	1	1	0	0	0	1	0	0	1	0	0	0	0	0	0	0	0	0	0	0	1
S132	adaptive_full	1	1	0	0	0	0	0	0	0	0	0	0	1	0	0	0	0	0	1	.	0	.	1	0	0	0	1	1	0	0	1	1	0	0	1	0	0	1	0	1	0	0	0	1	1	1	0	1	1	0	1	1	1	0	0	0	0	1	1	0	0	0	0
S121	linear_full	1	1	1	1	0	0	0	1	1	1	1	0	0	1	0	0	1	1	1	.	1	.	1	1	0	1	1	1	1	1	1	1	1	1	1	1	0	1	0	1	1	1	1	1	0	1	0	1	1	0	1	1	0	0	0	0	0	0	0	0	0	0	1
S123	adaptive_full	1	1	1	1	0	0	1	1	1	1	1	0	0	1	0	0	1	0	1	.	0	.	0	0	1	1	1	1	1	0	1	0	1	1	1	1	0	1	1	1	1	0	1	1	1	1	0	1	1	1	1	1	1	0	0	0	1	1	1	1	0	1	0
S130	linear_full	0	0	1	1	0	0	0	1	0	0	1	1	0	0	0	0	0	0	1	.	1	.	0	0	1	1	1	0	0	0	1	1	1	1	1	1	1	0	0	0	0	1	1	1	1	1	0	1	1	0	0	1	0	0	1	0	0	1	0	1	0	0	0
S135	adaptive_full	1	1	1	1	0	0	1	0	1	0	1	1	0	0	0	0	0	0	1	.	1	.	1	1	1	1	1	1	1	0	1	1	1	1	0	1	1	1	1	1	1	1	0	0	0	1	0	0	1	1	0	1	1	1	0	0	1	1	1	0	0	0	1
S131	adaptive_acc	1	1	1	0	0	1	1	1	0	1	1	1	0	0	0	0	0	0	1	.	1	.	1	0	1	1	1	1	1	0	1	1	1	1	0	1	1	1	0	1	1	0	1	0	0	0	0	1	1	1	0	0	1	0	1	0	0	1	1	1	0	0	1
S119	adaptive_acc	1	1	1	1	0	0	0	0	0	1	0	0	0	0	0	0	0	1	1	.	1	.	1	1	1	1	1	1	0	0	0	0	0	0	1	0	0	0	1	1	0	0	0	0	0	0	0	1	0	0	1	1	1	1	1	0	0	1	1	1	0	0	1
S133	linear_full	1	1	1	1	0	0	0	0	0	1	1	1	0	1	1	1	1	1	1	.	1	.	0	1	0	1	0	0	0	0	1	1	1	1	1	1	1	0	0	1	1	0	0	1	1	1	1	1	1	1	0	0	0	0	0	0	1	1	0	0	0	0	1
S154	linear_full	1	1	1	1	0	1	1	0	1	1	1	1	1	0	1	1	1	1	1	.	1	.	1	1	1	1	1	1	0	0	1	1	1	1	1	1	1	1	0	0	1	1	1	1	1	1	1	1	1	1	1	1	0	0	0	1	1	1	1	1	1	0	1
S156	adaptive_full	1	1	1	1	1	.	1	1	0	1	1	1	1	0	0	0	0	0	1	.	1	.	0	1	1	1	0	0	0	0	1	1	0	0	1	0	1	1	1	1	1	1	1	1	0	1	0	1	1	1	0	0	1	0	1	0	1	1	1	1	0	0	1
S143	adaptive_acc	1	1	1	1	0	0	1	1	0	1	1	1	.	.	0	0	0	0	1	.	1	.	1	1	1	1	1	1	1	1	1	1	1	1	0	0	0	0	0	0	0	0	1	1	0	0	0	0	1	0	0	0	1	0	1	0	1	1	1	0	0	0	1
S152	adaptive_acc	1	1	1	1	.	.	1	1	0	1	1	0	.	.	.	.	.	.	.	.	1	.	1	.	1	1	1	1	1	0	1	1	1	1	0	1	0	0	0	0	0	0	1	1	0	1	0	1	1	1	0	1	0	0	0	0	0	1	1	0	0	0	1
S146	adaptive_acc	1	1	0	0	0	0	1	1	0	0	1	1	.	.	.	.	.	.	.	.	.	.	.	.	0	0	1	1	0	1	1	1	1	1	1	1	.	.	.	.	.	.	0	0	0	0	1	1	0	0	1	1	1	0	0	0	.	.	0	0	0	0	0
S142	linear_full	1	1	0	1	0	0	1	0	0	1	1	0	0	0	0	0	0	1	1	.	0	.	0	1	0	1	0	0	1	1	1	1	0	1	0	0	0	0	0	1	1	1	1	0	0	1	0	1	1	0	0	0	1	0	0	0	0	0	0	0	0	0	0
S141	adaptive_full	1	1	0	1	0	0	1	1	0	0	1	1	0	1	0	0	0	0	1	.	1	.	0	1	1	1	1	1	1	1	1	0	1	1	1	0	1	1	1	1	1	1	1	1	0	1	0	1	1	1	0	0	1	0	1	0	1	1	1	1	0	0	1
S145	linear_full	1	1	0	1	0	0	0	0	0	0	1	0	1	0	0	0	0	0	0	.	1	.	0	1	1	0	1	1	1	0	0	0	0	0	0	0	1	1	0	1	0	0	1	0	0	0	0	0	1	1	0	0	0	0	0	0	0	0	0	0	0	0	0
S148	linear_full	1	1	1	1	0	1	1	1	0	1	1	0	1	1	1	1	0	1	1	.	1	.	1	1	0	1	1	1	1	1	0	1	1	1	1	0	0	0	0	0	1	0	1	1	1	1	1	1	1	1	0	1	0	0	1	1	0	0	0	0	0	0	0
S144	adaptive_full	.	.	1	1	.	.	1	0	1	1	1	1	.	.	.	.	1	.	.	.	.	.	.	.	1	1	1	1	0	1	1	1	1	1	1	1	1	1	1	1	1	1	1	1	1	1	1	1	1	1	1	0	1	0	1	1	1	1	0	0	0	1	1
S140	adaptive_acc	.	.	0	1	1	.	.	.	0	.	.	.	.	.	.	.	.	.	0	.	.	.	.	.	0	0	1	1	0	0	1	0	1	1	1	1	.	.	.	.	.	.	.	.	0	0	0	1	1	1	0	1	1	0	.	.	0	.	.	0	0	0	1
S151	linear_full	1	1	1	1	0	0	1	1	0	1	1	0	0	0	1	1	0	0	1	.	0	.	1	0	1	1	1	1	0	1	1	1	1	1	0	1	0	1	0	0	0	0	1	1	0	0	0	1	1	0	0	1	0	0	0	1	0	0	0	0	0	0	0
S147	adaptive_full	0	0	0	1	0	0	1	1	0	1	1	1	0	0	0	0	0	0	1	.	1	.	1	1	1	1	1	1	0	1	1	0	1	1	1	1	1	1	0	1	1	1	1	1	0	1	1	1	1	0	1	0	1	0	1	1	0	1	1	0	0	0	1
S149	adaptive_acc	1	1	1	1	0	0	1	1	1	1	0	1	0	0	0	1	1	1	1	.	1	.	1	1	1	1	1	1	0	0	1	1	1	1	0	1	1	1	1	1	1	1	1	0	1	1	0	1	1	0	1	1	1	0	1	0	0	0	0	0	0	0	1
S155	adaptive_acc	1	1	1	1	0	0	1	1	0	0	0	0	.	.	0	1	.	.	1	.	1	.	0	1	1	1	1	1	0	0	0	1	1	1	0	0	1	0	0	0	0	1	0	0	0	0	1	1	1	0	0	1	1	0	0	0	0	0	0	1	0	0	1
S150	adaptive_full	1	1	1	1	0	0	1	1	0	0	1	0	0	0	0	0	0	0	1	.	1	.	0	1	1	1	0	1	0	0	1	1	1	1	0	0	1	1	0	1	1	0	1	1	0	0	1	1	1	0	1	1	1	0	0	0	0	0	1	0	0	0	1
S153	adaptive_full	0	0	1	1	0	0	1	1	0	0	0	0	1	1	1	0	0	0	0	.	0	.	0	1	0	0	0	0	1	0	1	0	1	0	0	0	1	1	0	1	0	1	1	1	0	1	1	1	0	0	0	0	0	0	0	1	0	0	0	0	0	0	0
S160	adaptive_acc	1	1	0	1	0	0	1	1	0	1	1	1	0	.	0	0	0	0	1	.	0	.	1	0	0	0	0	0	0	1	1	1	1	1	1	1	1	1	1	1	1	0	1	0	1	1	1	0	1	0	1	0	0	0	0	1	1	1	0	0	0	0	0
S159	linear_full	0	0	1	1	0	0	0	0	0	0	0	0	1	1	1	0	0	1	1	.	0	.	1	0	1	0	0	0	1	1	1	1	1	0	0	0	0	1	0	0	1	0	1	1	0	1	1	1	0	0	0	1	1	0	1	0	0	0	0	0	0	0	0
S165	linear_full	0	0	0	0	0	0	0	0	0	0	0	0	0	0	0	0	0	0	1	.	1	.	0	0	0	1	0	1	1	0	0	0	0	1	0	0	0	1	1	1	1	0	1	1	0	1	0	0	1	0	0	0	0	0	1	1	0	0	0	0	0	0	0
S166	adaptive_acc	0	0	0	0	0	0	0	0	0	0	0	0	0	0	0	0	0	0	1	.	1	.	0	0	1	0	0	0	0	0	0	1	0	1	0	0	0	0	1	0	0	0	1	1	0	0	1	1	1	0	0	0	1	0	0	0	0	0	0	0	0	0	0
S169	adaptive_acc	0	1	0	1	0	1	0	0	0	0	0	0	0	0	1	0	0	0	1	.	1	.	0	0	0	1	0	1	0	0	0	0	0	1	0	0	1	0	0	0	0	1	1	0	0	1	1	1	1	0	1	0	0	0	0	0	0	0	1	0	0	0	0
S164	adaptive_full	1	0	0	0	0	0	0	0	0	0	0	0	0	0	0	1	0	1	1	.	1	.	0	0	1	1	0	1	1	0	1	0	1	1	0	0	0	1	0	0	1	0	1	0	1	0	0	1	1	0	0	0	1	0	0	1	0	0	0	0	0	0	1
S157	adaptive_acc	1	1	1	0	0	0	0	0	0	0	0	0	0	0	0	0	1	1	1	.	1	.	1	1	0	0	1	0	1	0	1	0	1	0	0	0	0	0	0	0	0	1	0	0	0	0	0	1	1	0	1	0	0	0	0	1	0	0	0	0	0	0	0
S163	adaptive_acc	0	0	0	0	0	0	0	0	0	0	0	0	0	0	0	0	1	0	1	.	1	.	0	0	1	1	1	1	1	1	0	0	0	0	0	0	1	0	1	0	0	0	1	1	0	0	0	1	1	1	0	0	0	0	0	0	0	0	0	0	0	0	1
S170	adaptive_full	0	1	0	0	0	0	0	0	0	0	0	0	1	1	0	0	1	0	1	.	1	.	1	0	0	0	1	1	0	1	0	0	1	1	0	0	0	0	0	0	0	0	1	0	0	1	1	1	1	1	0	0	0	0	0	0	0	0	0	0	0	1	0
S167	adaptive_full	0	1	0	1	0	0	0	0	0	0	0	0	0	0	0	0	0	0	1	.	0	.	0	0	1	1	0	1	0	0	1	0	1	1	0	0	0	0	1	1	0	0	0	0	0	1	0	1	0	0	0	1	0	0	1	0	1	1	0	0	0	0	0
S161	adaptive_full	1	1	1	1	0	0	1	1	0	0	0	1	0	1	0	0	1	0	1	.	0	.	1	0	1	0	0	1	1	0	1	1	1	1	0	0	1	0	1	0	0	1	1	0	0	0	1	1	0	0	0	0	0	0	1	0	0	0	0	0	0	0	0
S168	linear_full	0	0	0	0	0	0	0	0	0	0	0	0	0	0	0	1	0	0	0	.	0	.	0	0	0	0	1	1	1	0	0	0	1	1	0	0	0	0	0	0	0	0	0	0	0	0	0	0	0	1	0	0	0	0	0	1	0	0	0	0	1	0	0
S158	adaptive_full	1	1	1	1	0	.	0	0	0	0	0	0	1	1	0	0	1	1	1	.	1	.	0	0	1	1	1	1	0	1	1	1	1	1	0	0	1	1	1	0	1	1	1	1	0	1	1	1	1	0	0	1	0	1	1	0	0	0	1	0	0	1	1
S171	linear_full	0	1	1	1	0	0	0	0	0	0	0	0	0	1	0	0	1	0	0	.	1	.	0	0	1	1	1	1	0	1	1	1	0	1	0	0	1	0	0	0	0	1	0	0	0	0	0	0	1	0	0	0	1	0	0	0	0	0	0	0	0	0	0
S162	linear_full	0	0	0	0	0	0	0	0	0	0	0	0	0	0	0	0	1	1	0	.	0	.	0	0	0	1	0	0	1	0	0	0	0	0	0	1	0	0	0	0	1	0	0	0	0	0	0	0	0	0	1	0	0	0	1	0	0	0	0	0	0	0	0
S179	linear_full	0	1	1	0	0	0	1	1	0	0	0	0	0	1	0	0	0	0	1	.	1	.	1	0	1	1	1	1	1	0	0	1	1	1	0	1	0	0	0	0	0	0	1	1	0	0	0	1	1	0	0	0	0	0	0	0	0	1	0	0	0	0	.
S182	linear_full	0	1	1	1	0	0	0	0	0	0	0	0	0	0	0	0	1	1	0	.	0	.	1	1	1	1	0	0	0	0	1	0	1	1	0	0	0	1	0	1	1	1	0	1	1	1	1	1	1	1	0	0	1	0	1	0	0	0	1	1	0	0	0
S183	adaptive_acc	0	0	0	0	0	0	0	0	0	0	0	0	0	1	1	1	0	1	0	.	0	.	0	0	0	0	0	0	1	1	0	1	1	1	0	1	1	1	0	0	0	1	1	0	0	0	0	1	0	1	1	0	0	0	1	1	0	0	0	0	0	0	0
S187	adaptive_full	0	0	0	0	0	0	0	0	0	0	0	0	0	0	0	0	0	0	1	.	0	.	0	0	0	1	0	1	0	0	0	1	1	1	0	0	0	0	0	1	0	0	0	0	0	0	0	0	1	1	1	1	0	0	0	1	0	0	0	0	0	0	0
S184	adaptive_full	0	0	0	0	0	0	0	0	0	0	0	0	0	0	0	1	0	0	0	.	0	.	0	1	1	0	0	1	0	1	0	0	0	0	0	0	0	1	0	0	0	0	0	0	0	0	0	0	0	0	1	1	1	0	0	0	0	0	0	0	0	0	0
S178	adaptive_full	0	1	0	0	0	0	0	0	0	0	0	0	1	0	0	0	0	1	1	.	0	.	0	0	1	1	0	1	1	1	1	1	1	0	0	0	0	1	0	0	0	0	1	0	0	1	0	0	1	0	0	0	1	0	0	0	1	0	1	0	0	0	1
S186	adaptive_acc	1	1	0	0	0	0	0	0	0	0	0	0	0	1	0	0	0	0	0	.	0	.	0	0	0	0	1	1	1	1	1	0	1	1	0	0	1	1	0	0	0	0	1	0	1	1	0	1	0	0	0	0	0	0	0	0	0	0	0	0	1	0	0
S181	adaptive_full	0	0	0	0	0	0	0	0	0	0	0	0	1	0	0	0	0	0	0	.	0	.	1	0	0	0	0	0	0	0	0	0	1	0	0	0	0	1	0	1	1	0	0	0	0	0	0	1	1	0	0	0	0	0	0	0	0	0	0	0	0	0	0
S177	adaptive_acc	0	0	0	1	0	0	0	0	0	0	0	0	0	0	0	0	0	0	0	.	0	.	0	0	0	1	0	0	0	0	0	1	0	0	0	1	1	0	0	0	0	0	0	0	0	0	0	1	0	0	1	0	0	0	1	0	0	0	0	0	0	0	0
S188	linear_full	0	0	1	0	0	1	0	0	0	0	0	0	0	0	1	1	0	0	1	.	1	.	0	0	0	0	1	1	0	0	0	0	0	0	0	0	0	0	0	0	0	0	0	0	0	0	0	1	0	1	1	0	0	0	0	0	0	0	0	0	0	0	0
S180	adaptive_acc	0	1	0	0	0	0	0	0	0	0	0	0	0	0	0	0	1	1	1	.	0	.	1	0	0	0	1	1	0	0	1	0	1	0	0	0	1	1	1	0	0	1	1	1	1	1	1	0	0	0	1	0	1	0	0	0	0	0	0	0	0	0	1
S189	adaptive_acc	0	0	0	0	0	0	0	0	0	0	0	0	.	.	0	0	0	1	0	.	0	.	0	0	0	1	0	0	0	0	0	0	1	1	0	0	1	1	0	1	0	0	0	0	0	1	0	1	1	0	1	1	1	0	0	0	0	0	0	0	0	0	1
S201	adaptive_full	1	1	0	1	1	1	0	0	0	0	0	0	0	1	0	0	0	0	1	.	1	.	0	1	0	1	1	0	1	0	0	0	1	0	0	0	0	0	0	0	0	0	1	0	0	1	0	0	1	0	0	0	1	0	0	0	0	0	0	0	0	0	0
S198	adaptive_full	0	0	0	0	0	0	0	0	0	0	0	0	0	0	0	0	1	1	0	.	0	.	0	0	0	0	0	1	0	0	1	0	0	1	0	0	0	1	0	0	0	0	0	0	0	0	1	1	0	0	0	1	1	0	1	0	0	0	0	0	0	0	0
S197	adaptive_acc	0	0	0	0	0	0	0	0	0	0	0	0	0	0	0	0	0	0	1	.	0	.	1	1	0	0	1	0	0	0	0	0	0	0	1	0	0	0	0	0	0	0	0	0	0	0	0	1	0	1	0	1	0	0	0	0	0	0	1	0	0	0	1
S194	adaptive_acc	0	0	0	0	0	0	0	0	0	0	0	0	0	0	0	0	0	1	0	.	0	.	0	0	0	0	0	0	1	0	0	0	0	0	1	0	0	0	0	0	0	0	0	0	0	0	0	0	0	0	0	0	0	0	1	0	0	0	0	0	0	0	0
S195	adaptive_full	1	0	0	0	0	0	0	0	0	0	0	0	0	1	0	0	0	1	0	.	0	.	0	0	1	0	1	1	0	0	1	0	0	0	0	0	0	0	0	0	0	0	1	0	0	0	0	0	0	0	1	0	0	0	1	0	0	0	0	0	0	0	0
S202	linear_full	0	1	1	1	1	1	0	0	0	0	0	0	0	0	0	0	0	1	1	.	1	.	1	1	0	1	1	1	0	0	1	1	1	1	1	1	0	1	0	1	1	1	0	0	0	0	1	0	0	0	0	0	0	0	0	0	0	0	0	0	0	0	0
S199	linear_full	0	0	0	1	0	0	0	0	0	0	0	0	0	1	0	0	0	0	1	.	0	.	1	1	0	1	0	0	0	0	1	1	1	1	0	0	0	0	0	1	0	0	1	0	1	1	0	0	1	1	0	0	0	0	0	0	0	0	0	0	0	0	0
S204	adaptive_full	1	1	0	1	0	0	1	1	0	0	1	0	0	1	1	0	1	0	0	.	1	.	1	0	0	1	1	0	1	0	1	0	1	1	0	1	1	0	0	1	1	0	1	0	0	0	0	1	0	0	0	0	0	0	0	0	1	1	0	0	0	0	1
S203	adaptive_acc	0	0	0	0	0	0	0	0	0	0	0	0	1	1	0	0	1	1	0	.	1	.	0	0	1	0	1	1	0	0	0	0	1	0	0	0	0	0	0	0	0	0	0	0	0	0	0	0	0	0	0	0	1	0	1	1	0	0	0	0	0	0	0
S200	adaptive_acc	1	1	0	0	0	0	0	0	0	0	0	0	0	1	0	1	1	0	1	.	0	.	1	1	1	1	1	1	0	0	1	1	1	1	0	0	0	1	1	1	0	1	1	0	0	0	1	1	0	0	1	0	0	1	1	0	0	0	0	0	0	0	0
S196	linear_full	0	0	0	0	0	0	0	0	0	0	0	0	0	0	0	0	0	1	0	.	1	.	1	1	1	1	1	0	1	0	1	1	1	1	0	1	0	1	0	0	1	0	0	0	0	0	1	1	1	0	1	1	0	0	1	0	0	0	0	0	0	0	1
S208	adaptive_acc	.	.	.	.	.	.	.	.	1	1	1	.	.	.	.	.	.	.	.	.	.	.	.	.	1	1	0	0	1	1	1	.	1	1	1	0	.	.	.	.	.	.	.	.	.	.	1	.	1	0	0	1	0	1	0	0	0	.	.	0	0	0	1
S209	adaptive_full	0	0	0	0	0	0	1	1	0	1	0	1	0	0	0	0	0	0	1	.	0	.	0	0	1	0	1	0	1	0	1	0	1	1	0	1	1	0	1	0	0	0	1	0	0	1	0	1	1	0	1	0	1	1	0	0	0	0	0	0	0	1	1
S216	linear_full	1	1	1	1	0	0	1	1	1	1	1	0	0	1	0	0	1	1	1	.	1	.	1	1	1	1	1	1	1	0	1	1	1	1	1	1	0	0	1	1	1	1	1	1	0	1	0	0	1	0	1	1	1	0	0	0	1	1	1	0	1	0	1
S214	adaptive_acc	1	1	0	0	0	0	0	1	0	0	0	0	0	0	0	0	0	1	1	.	0	.	1	1	1	1	1	0	0	0	1	0	1	1	0	1	0	0	0	0	0	0	0	0	0	0	0	0	1	1	0	0	0	0	0	1	0	0	0	0	0	1	1
S218	adaptive_full	1	1	1	1	0	0	1	1	1	1	1	1	0	1	0	0	0	0	1	.	0	.	0	0	1	1	1	1	0	0	1	0	1	1	0	1	1	1	1	1	1	1	0	0	1	1	0	1	0	0	0	0	0	0	0	0	1	1	0	0	0	0	1
S217	adaptive_acc	1	1	0	1	0	0	0	0	0	0	0	0	0	0	0	1	1	1	1	.	0	.	0	1	1	1	0	1	1	0	1	1	1	1	0	0	0	0	1	0	0	0	0	0	0	0	0	0	1	0	1	1	0	0	0	0	1	0	0	0	0	0	0
S223	adaptive_acc	0	0	0	0	0	0	0	0	0	0	0	0	0	1	0	0	0	0	0	.	1	.	0	1	1	1	1	1	0	0	0	0	0	0	1	0	0	0	0	0	0	0	0	0	0	0	1	1	1	1	0	0	0	0	0	0	0	0	0	1	0	0	0
S212	adaptive_full	0	0	1	0	0	0	0	0	0	0	0	0	1	1	0	0	0	0	1	.	0	.	0	0	1	0	0	1	0	0	1	1	0	0	0	0	1	1	0	0	1	0	1	0	0	0	0	1	0	1	0	0	1	0	0	0	0	0	1	1	0	0	1
S210	linear_full	0	0	0	0	0	0	0	0	0	0	0	0	1	0	0	0	0	0	1	.	1	.	1	0	1	1	0	0	0	1	0	1	1	1	0	1	0	1	1	0	1	1	1	0	0	0	1	1	0	0	0	1	1	0	1	0	0	0	0	1	0	0	0
S220	adaptive_acc	1	1	1	1	0	0	1	1	0	1	1	0	0	0	0	0	0	0	1	.	0	.	0	1	1	1	1	1	1	1	1	0	0	0	0	0	0	0	0	1	1	1	1	1	1	0	0	0	1	0	0	1	0	0	1	0	1	1	1	0	0	0	0
S222	linear_full	1	1	0	0	0	0	0	0	0	0	0	0	0	0	0	0	0	0	0	.	1	.	1	1	0	0	0	0	0	0	0	0	1	0	0	1	0	1	1	1	0	0	0	0	0	.	0	1	0	0	0	0	0	0	0	1	0	0	0	0	.	0	0
S211	adaptive_acc	0	1	0	0	0	0	0	0	0	0	0	0	1	1	0	0	0	0	1	.	0	.	1	0	1	0	0	0	0	0	1	0	0	1	0	0	0	0	0	1	0	0	1	1	0	0	1	1	0	0	1	0	0	0	1	0	0	0	0	0	0	0	0
S221	adaptive_full	1	1	0	0	0	0	0	1	0	0	1	0	1	1	0	0	0	0	1	.	1	.	1	0	1	0	1	1	1	0	0	0	1	0	1	1	0	0	0	0	0	1	1	1	0	1	0	0	1	0	0	0	1	0	1	0	0	0	0	0	0	1	1
S215	adaptive_full	0	1	1	1	1	1	1	1	1	1	0	1	0	0	0	0	1	0	1	.	1	.	0	1	1	1	1	1	0	1	1	0	1	1	0	1	1	1	0	1	0	0	0	0	1	1	1	1	1	0	1	0	0	0	0	0	1	1	0	1	0	0	1
S219	linear_full	0	1	1	0	0	0	0	0	0	0	0	0	0	0	0	0	0	0	1	.	1	.	1	1	1	1	1	1	1	0	1	1	1	1	0	0	1	1	0	0	1	1	0	0	0	0	0	1	1	0	1	1	0	0	1	0	0	0	0	0	0	0	0
S213	linear_full	0	0	1	0	1	0	0	0	0	0	0	0	0	0	1	1	1	0	1	.	0	.	1	1	0	1	1	1	0	0	0	0	0	0	0	0	0	0	0	0	0	1	0	0	0	0	1	0	0	0	0	0	1	0	0	0	0	0	0	0	0	0	1
